 #Time,Populations
      3.33333333E-12       15.000000          0.33263641          0.33263641          0.33263641          6.96446903E-04      6.96848866E-04      6.96446903E-04      1.03059414E-06
      3.33666667E-09       14.997484          0.10604417          0.13497701          0.10514355          0.10122126          0.17603157          9.87185909E-02      0.27786384    
      6.67000000E-09       14.994339          6.36963306E-02      0.12560039          6.18862223E-02      6.00770443E-02      0.17046394          5.68505470E-02      0.46142553    
      1.00033333E-08       14.992405          4.60068108E-02      0.12399983          4.44236192E-02      4.04297854E-02      0.16599033          3.78538448E-02      0.54129578    
      1.33366667E-08       14.991086          3.81611267E-02      0.12353728          3.71038941E-02      3.16924647E-02      0.16424334          2.98481022E-02      0.57541378    
      1.66700000E-08       14.990025          3.46535555E-02      0.12347505          3.40393276E-02      2.78021831E-02      0.16369240          2.64911021E-02      0.58984638    
      2.00033333E-08       14.989072          3.30736017E-02      0.12356071          3.27563771E-02      2.60596692E-02      0.16362378          2.50851261E-02      0.59584074    
      2.33366667E-08       14.988162          3.23539148E-02      0.12369088          3.22169860E-02      2.52719584E-02      0.16373429          2.44951526E-02      0.59823682    
      2.66700000E-08       14.987271          3.20202431E-02      0.12382425          3.19871843E-02      2.49106717E-02      0.16389806          2.42455319E-02      0.59911405    
      3.00033333E-08       14.986388          3.18611232E-02      0.12394574          3.18862578E-02      2.47410613E-02      0.16406488          2.41376904E-02      0.59936325    
      3.33366667E-08       14.985509          3.17818573E-02      0.12405109          3.18392453E-02      2.46584352E-02      0.16421647          2.40890465E-02      0.59936385    
      3.66700000E-08       14.984631          3.17397933E-02      0.12414037          3.18151505E-02      2.46158722E-02      0.16434780          2.40653751E-02      0.59927564    
      4.00033333E-08       14.983755          3.17155640E-02      0.12421517          3.18011657E-02      2.45921987E-02      0.16445903          2.40525194E-02      0.59916436    
      4.33366667E-08       14.982881          3.17002672E-02      0.12427747          3.17919702E-02      2.45777632E-02      0.16455219          2.40446102E-02      0.59905573    
      4.66700000E-08       14.982007          3.16897327E-02      0.12432920          3.17853122E-02      2.45680974E-02      0.16462978          2.40391854E-02      0.59895869    
      5.00033333E-08       14.981134          3.16819484E-02      0.12437210          3.17801953E-02      2.45610819E-02      0.16469420          2.40351796E-02      0.59887530    
      5.33366667E-08       14.980263          3.16758989E-02      0.12440763          3.17761399E-02      2.45556724E-02      0.16474762          2.40321005E-02      0.59880494    
      5.66700000E-08       14.979392          3.16710385E-02      0.12443706          3.17728841E-02      2.45513255E-02      0.16479187          2.40296950E-02      0.59874613    
      6.00033333E-08       14.978522          3.16670492E-02      0.12446142          3.17702621E-02      2.45477366E-02      0.16482851          2.40278130E-02      0.59869721    
      6.33366667E-08       14.977652          3.16637292E-02      0.12448159          3.17681557E-02      2.45447194E-02      0.16485885          2.40263525E-02      0.59865661    
      6.66700000E-08       14.976784          3.16609392E-02      0.12449828          3.17664736E-02      2.45421500E-02      0.16488396          2.40252374E-02      0.59862296    
      7.00033333E-08       14.975916          3.16585770E-02      0.12451210          3.17651424E-02      2.45399396E-02      0.16490475          2.40244072E-02      0.59859508    
      7.33366667E-08       14.975050          3.16565638E-02      0.12452354          3.17641016E-02      2.45380211E-02      0.16492196          2.40238127E-02      0.59857200    
      7.66700000E-08       14.974184          3.16548371E-02      0.12453301          3.17633014E-02      2.45363418E-02      0.16493620          2.40234132E-02      0.59855289    
      8.00033333E-08       14.973319          3.16533465E-02      0.12454085          3.17627003E-02      2.45348594E-02      0.16494800          2.40231752E-02      0.59853707    
      8.33366667E-08       14.972454          3.16520511E-02      0.12454734          3.17622642E-02      2.45335396E-02      0.16495776          2.40230707E-02      0.59852397    
      8.66700000E-08       14.971591          3.16509168E-02      0.12455272          3.17619645E-02      2.45323543E-02      0.16496584          2.40230768E-02      0.59851313    
      9.00033333E-08       14.970728          3.16499161E-02      0.12455717          3.17617777E-02      2.45312803E-02      0.16497253          2.40231742E-02      0.59850415    
      9.33366667E-08       14.969866          3.16490259E-02      0.12456085          3.17616842E-02      2.45302986E-02      0.16497807          2.40233470E-02      0.59849672    
      9.66700000E-08       14.969005          3.16482273E-02      0.12456390          3.17616679E-02      2.45293934E-02      0.16498266          2.40235821E-02      0.59849057    
      1.00003333E-07       14.968145          3.16475045E-02      0.12456643          3.17617153E-02      2.45285516E-02      0.16498646          2.40238685E-02      0.59848547    
      1.03336667E-07       14.967285          3.16468446E-02      0.12456852          3.17618154E-02      2.45277625E-02      0.16498961          2.40241974E-02      0.59848125    
      1.06670000E-07       14.966426          3.16462369E-02      0.12457025          3.17619589E-02      2.45270172E-02      0.16499221          2.40245613E-02      0.59847776    
      1.10003333E-07       14.965568          3.16456724E-02      0.12457169          3.17621384E-02      2.45263082E-02      0.16499437          2.40249538E-02      0.59847486    
      1.13336667E-07       14.964711          3.16451439E-02      0.12457288          3.17623474E-02      2.45256294E-02      0.16499616          2.40253700E-02      0.59847247    
      1.16670000E-07       14.963854          3.16446452E-02      0.12457387          3.17625809E-02      2.45249759E-02      0.16499765          2.40258057E-02      0.59847048    
      1.20003333E-07       14.962999          3.16441713E-02      0.12457469          3.17628344E-02      2.45243434E-02      0.16499888          2.40262572E-02      0.59846883    
      1.23336667E-07       14.962144          3.16437180E-02      0.12457536          3.17631045E-02      2.45237284E-02      0.16499990          2.40267217E-02      0.59846747    
      1.26670000E-07       14.961289          3.16432819E-02      0.12457593          3.17633881E-02      2.45231281E-02      0.16500074          2.40271969E-02      0.59846633    
      1.30003333E-07       14.960436          3.16428601E-02      0.12457640          3.17636829E-02      2.45225401E-02      0.16500145          2.40276807E-02      0.59846539    
      1.33336667E-07       14.959583          3.16424503E-02      0.12457679          3.17639867E-02      2.45219625E-02      0.16500203          2.40281714E-02      0.59846461    
      1.36670000E-07       14.958731          3.16420505E-02      0.12457711          3.17642980E-02      2.45213935E-02      0.16500251          2.40286678E-02      0.59846397    
      1.40003333E-07       14.957880          3.16416590E-02      0.12457738          3.17646154E-02      2.45208320E-02      0.16500292          2.40291687E-02      0.59846343    
      1.43336667E-07       14.957030          3.16412746E-02      0.12457760          3.17649377E-02      2.45202767E-02      0.16500325          2.40296732E-02      0.59846298    
      1.46670000E-07       14.956180          3.16408962E-02      0.12457779          3.17652639E-02      2.45197267E-02      0.16500353          2.40301805E-02      0.59846261    
      1.50003333E-07       14.955331          3.16405227E-02      0.12457795          3.17655933E-02      2.45191813E-02      0.16500377          2.40306899E-02      0.59846230    
      1.53336667E-07       14.954483          3.16401535E-02      0.12457808          3.17659252E-02      2.45186398E-02      0.16500396          2.40312010E-02      0.59846204    
      1.56670000E-07       14.953635          3.16397880E-02      0.12457819          3.17662591E-02      2.45181018E-02      0.16500413          2.40317132E-02      0.59846182    
      1.60003333E-07       14.952789          3.16394255E-02      0.12457828          3.17665946E-02      2.45175667E-02      0.16500427          2.40322264E-02      0.59846164    
      1.63336667E-07       14.951943          3.16390657E-02      0.12457836          3.17669312E-02      2.45170342E-02      0.16500438          2.40327400E-02      0.59846149    
      1.66670000E-07       14.951098          3.16387082E-02      0.12457843          3.17672687E-02      2.45165041E-02      0.16500448          2.40332540E-02      0.59846136    
      1.70003333E-07       14.950253          3.16383527E-02      0.12457848          3.17676068E-02      2.45159760E-02      0.16500457          2.40337681E-02      0.59846125    
      1.73336667E-07       14.949409          3.16379990E-02      0.12457853          3.17679454E-02      2.45154498E-02      0.16500464          2.40342820E-02      0.59846116    
      1.76670000E-07       14.948566          3.16376468E-02      0.12457857          3.17682842E-02      2.45149253E-02      0.16500470          2.40347958E-02      0.59846108    
      1.80003333E-07       14.947724          3.16372961E-02      0.12457861          3.17686231E-02      2.45144024E-02      0.16500475          2.40353093E-02      0.59846101    
      1.83336667E-07       14.946883          3.16369466E-02      0.12457864          3.17689619E-02      2.45138808E-02      0.16500480          2.40358223E-02      0.59846095    
      1.86670000E-07       14.946042          3.16365982E-02      0.12457867          3.17693007E-02      2.45133607E-02      0.16500484          2.40363349E-02      0.59846090    
      1.90003333E-07       14.945202          3.16362509E-02      0.12457869          3.17696392E-02      2.45128418E-02      0.16500487          2.40368468E-02      0.59846086    
      1.93336667E-07       14.944362          3.16359046E-02      0.12457871          3.17699776E-02      2.45123241E-02      0.16500490          2.40373582E-02      0.59846082    
      1.96670000E-07       14.943524          3.16355591E-02      0.12457873          3.17703156E-02      2.45118075E-02      0.16500493          2.40378689E-02      0.59846079    
      2.00003333E-07       14.942686          3.16352145E-02      0.12457875          3.17706532E-02      2.45112920E-02      0.16500495          2.40383789E-02      0.59846075    
      2.03336667E-07       14.941849          3.16348707E-02      0.12457877          3.17709904E-02      2.45107776E-02      0.16500498          2.40388882E-02      0.59846073    
      2.06670000E-07       14.941013          3.16345277E-02      0.12457878          3.17713272E-02      2.45102642E-02      0.16500500          2.40393967E-02      0.59846070    
      2.10003333E-07       14.940177          3.16341854E-02      0.12457880          3.17716636E-02      2.45097518E-02      0.16500502          2.40399045E-02      0.59846068    
      2.13336667E-07       14.939342          3.16338438E-02      0.12457881          3.17719995E-02      2.45092404E-02      0.16500504          2.40404115E-02      0.59846066    
      2.16670000E-07       14.938508          3.16335029E-02      0.12457882          3.17723349E-02      2.45087299E-02      0.16500505          2.40409177E-02      0.59846064    
      2.20003333E-07       14.937674          3.16331626E-02      0.12457883          3.17726698E-02      2.45082204E-02      0.16500507          2.40414231E-02      0.59846062    
      2.23336667E-07       14.936842          3.16328230E-02      0.12457885          3.17730042E-02      2.45077117E-02      0.16500508          2.40419277E-02      0.59846060    
      2.26670000E-07       14.936010          3.16324840E-02      0.12457886          3.17733381E-02      2.45072040E-02      0.16500510          2.40424315E-02      0.59846059    
      2.30003333E-07       14.935178          3.16321457E-02      0.12457887          3.17736715E-02      2.45066972E-02      0.16500511          2.40429344E-02      0.59846057    
      2.33336667E-07       14.934348          3.16318079E-02      0.12457888          3.17740043E-02      2.45061913E-02      0.16500513          2.40434365E-02      0.59846056    
      2.36670000E-07       14.933518          3.16314708E-02      0.12457889          3.17743366E-02      2.45056863E-02      0.16500514          2.40439378E-02      0.59846054    
      2.40003333E-07       14.932689          3.16311342E-02      0.12457890          3.17746683E-02      2.45051821E-02      0.16500515          2.40444383E-02      0.59846053    
      2.43336667E-07       14.931860          3.16307983E-02      0.12457891          3.17749995E-02      2.45046789E-02      0.16500517          2.40449379E-02      0.59846051    
      2.46670000E-07       14.931033          3.16304629E-02      0.12457892          3.17753301E-02      2.45041765E-02      0.16500518          2.40454367E-02      0.59846050    
      2.50003333E-07       14.930206          3.16301281E-02      0.12457893          3.17756602E-02      2.45036749E-02      0.16500519          2.40459346E-02      0.59846048    
      2.53336667E-07       14.929379          3.16297940E-02      0.12457893          3.17759898E-02      2.45031742E-02      0.16500520          2.40464318E-02      0.59846047    
      2.56670000E-07       14.928554          3.16294603E-02      0.12457894          3.17763188E-02      2.45026744E-02      0.16500522          2.40469280E-02      0.59846046    
      2.60003333E-07       14.927729          3.16291273E-02      0.12457895          3.17766472E-02      2.45021754E-02      0.16500523          2.40474235E-02      0.59846044    
      2.63336667E-07       14.926905          3.16287948E-02      0.12457896          3.17769751E-02      2.45016773E-02      0.16500524          2.40479181E-02      0.59846043    
      2.66670000E-07       14.926081          3.16284629E-02      0.12457897          3.17773025E-02      2.45011800E-02      0.16500525          2.40484119E-02      0.59846042    
      2.70003333E-07       14.925258          3.16281316E-02      0.12457898          3.17776293E-02      2.45006836E-02      0.16500526          2.40489048E-02      0.59846041    
      2.73336667E-07       14.924436          3.16278008E-02      0.12457899          3.17779556E-02      2.45001880E-02      0.16500528          2.40493970E-02      0.59846039    
      2.76670000E-07       14.923615          3.16274706E-02      0.12457900          3.17782813E-02      2.44996933E-02      0.16500529          2.40498883E-02      0.59846038    
      2.80003333E-07       14.922794          3.16271409E-02      0.12457901          3.17786064E-02      2.44991994E-02      0.16500530          2.40503787E-02      0.59846037    
      2.83336667E-07       14.921974          3.16268118E-02      0.12457902          3.17789310E-02      2.44987063E-02      0.16500531          2.40508684E-02      0.59846036    
      2.86670000E-07       14.921155          3.16264833E-02      0.12457902          3.17792551E-02      2.44982140E-02      0.16500532          2.40513572E-02      0.59846034    
      2.90003333E-07       14.920337          3.16261553E-02      0.12457903          3.17795786E-02      2.44977226E-02      0.16500533          2.40518452E-02      0.59846033    
      2.93336667E-07       14.919519          3.16258279E-02      0.12457904          3.17799016E-02      2.44972320E-02      0.16500535          2.40523323E-02      0.59846032    
      2.96670000E-07       14.918702          3.16255010E-02      0.12457905          3.17802240E-02      2.44967423E-02      0.16500536          2.40528187E-02      0.59846031    
      3.00003333E-07       14.917885          3.16251746E-02      0.12457906          3.17805459E-02      2.44962534E-02      0.16500537          2.40533042E-02      0.59846029    
      3.03336667E-07       14.917069          3.16248489E-02      0.12457907          3.17808673E-02      2.44957652E-02      0.16500538          2.40537889E-02      0.59846028    
      3.06670000E-07       14.916254          3.16245236E-02      0.12457908          3.17811881E-02      2.44952780E-02      0.16500539          2.40542728E-02      0.59846027    
      3.10003333E-07       14.915440          3.16241990E-02      0.12457909          3.17815084E-02      2.44947915E-02      0.16500540          2.40547559E-02      0.59846026    
      3.13336667E-07       14.914626          3.16238748E-02      0.12457909          3.17818281E-02      2.44943058E-02      0.16500541          2.40552382E-02      0.59846024    
      3.16670000E-07       14.913813          3.16235512E-02      0.12457910          3.17821473E-02      2.44938210E-02      0.16500543          2.40557197E-02      0.59846023    
      3.20003333E-07       14.913001          3.16232282E-02      0.12457911          3.17824659E-02      2.44933370E-02      0.16500544          2.40562003E-02      0.59846022    
      3.23336667E-07       14.912189          3.16229057E-02      0.12457912          3.17827841E-02      2.44928538E-02      0.16500545          2.40566802E-02      0.59846021    
      3.26670000E-07       14.911378          3.16225837E-02      0.12457913          3.17831017E-02      2.44923714E-02      0.16500546          2.40571592E-02      0.59846020    
      3.30003333E-07       14.910568          3.16222623E-02      0.12457914          3.17834187E-02      2.44918898E-02      0.16500547          2.40576375E-02      0.59846018    
      3.33336667E-07       14.909759          3.16219414E-02      0.12457915          3.17837352E-02      2.44914090E-02      0.16500548          2.40581149E-02      0.59846017    
      3.36670000E-07       14.908950          3.16216211E-02      0.12457915          3.17840512E-02      2.44909291E-02      0.16500549          2.40585915E-02      0.59846016    
      3.40003333E-07       14.908142          3.16213013E-02      0.12457916          3.17843667E-02      2.44904499E-02      0.16500551          2.40590674E-02      0.59846015    
      3.43336667E-07       14.907334          3.16209820E-02      0.12457917          3.17846816E-02      2.44899715E-02      0.16500552          2.40595424E-02      0.59846014    
      3.46670000E-07       14.906527          3.16206633E-02      0.12457918          3.17849961E-02      2.44894940E-02      0.16500553          2.40600167E-02      0.59846012    
      3.50003333E-07       14.905721          3.16203451E-02      0.12457919          3.17853099E-02      2.44890172E-02      0.16500554          2.40604901E-02      0.59846011    
      3.53336667E-07       14.904915          3.16200274E-02      0.12457920          3.17856233E-02      2.44885413E-02      0.16500555          2.40609628E-02      0.59846010    
      3.56670000E-07       14.904111          3.16197103E-02      0.12457920          3.17859361E-02      2.44880661E-02      0.16500556          2.40614347E-02      0.59846009    
      3.60003333E-07       14.903307          3.16193937E-02      0.12457921          3.17862485E-02      2.44875917E-02      0.16500557          2.40619057E-02      0.59846008    
      3.63336667E-07       14.902503          3.16190776E-02      0.12457922          3.17865602E-02      2.44871181E-02      0.16500558          2.40623760E-02      0.59846006    
      3.66670000E-07       14.901700          3.16187620E-02      0.12457923          3.17868715E-02      2.44866453E-02      0.16500559          2.40628456E-02      0.59846005    
      3.70003333E-07       14.900898          3.16184470E-02      0.12457924          3.17871823E-02      2.44861733E-02      0.16500561          2.40633143E-02      0.59846004    
      3.73336667E-07       14.900097          3.16181325E-02      0.12457925          3.17874925E-02      2.44857021E-02      0.16500562          2.40637822E-02      0.59846003    
      3.76670000E-07       14.899296          3.16178185E-02      0.12457925          3.17878022E-02      2.44852317E-02      0.16500563          2.40642494E-02      0.59846002    
      3.80003333E-07       14.898496          3.16175051E-02      0.12457926          3.17881114E-02      2.44847620E-02      0.16500564          2.40647158E-02      0.59846000    
      3.83336667E-07       14.897696          3.16171921E-02      0.12457927          3.17884201E-02      2.44842932E-02      0.16500565          2.40651814E-02      0.59845999    
      3.86670000E-07       14.896898          3.16168797E-02      0.12457928          3.17887283E-02      2.44838251E-02      0.16500566          2.40656462E-02      0.59845998    
      3.90003333E-07       14.896099          3.16165678E-02      0.12457929          3.17890359E-02      2.44833578E-02      0.16500567          2.40661103E-02      0.59845997    
      3.93336667E-07       14.895302          3.16162565E-02      0.12457930          3.17893431E-02      2.44828912E-02      0.16500568          2.40665736E-02      0.59845996    
      3.96670000E-07       14.894505          3.16159456E-02      0.12457930          3.17896497E-02      2.44824255E-02      0.16500569          2.40670361E-02      0.59845995    
      4.00003333E-07       14.893709          3.16156353E-02      0.12457931          3.17899558E-02      2.44819605E-02      0.16500570          2.40674979E-02      0.59845993    
      4.03336667E-07       14.892914          3.16153255E-02      0.12457932          3.17902615E-02      2.44814963E-02      0.16500572          2.40679589E-02      0.59845992    
      4.06670000E-07       14.892119          3.16150161E-02      0.12457933          3.17905666E-02      2.44810329E-02      0.16500573          2.40684191E-02      0.59845991    
      4.10003333E-07       14.891325          3.16147074E-02      0.12457934          3.17908712E-02      2.44805702E-02      0.16500574          2.40688785E-02      0.59845990    
      4.13336667E-07       14.890531          3.16143991E-02      0.12457934          3.17911753E-02      2.44801083E-02      0.16500575          2.40693372E-02      0.59845989    
      4.16670000E-07       14.889738          3.16140913E-02      0.12457935          3.17914789E-02      2.44796472E-02      0.16500576          2.40697952E-02      0.59845988    
      4.20003333E-07       14.888946          3.16137840E-02      0.12457936          3.17917820E-02      2.44791868E-02      0.16500577          2.40702523E-02      0.59845986    
      4.23336667E-07       14.888155          3.16134773E-02      0.12457937          3.17920845E-02      2.44787272E-02      0.16500578          2.40707088E-02      0.59845985    
      4.26670000E-07       14.887364          3.16131711E-02      0.12457938          3.17923866E-02      2.44782683E-02      0.16500579          2.40711644E-02      0.59845984    
      4.30003333E-07       14.886574          3.16128653E-02      0.12457939          3.17926882E-02      2.44778103E-02      0.16500580          2.40716193E-02      0.59845983    
      4.33336667E-07       14.885784          3.16125601E-02      0.12457939          3.17929893E-02      2.44773529E-02      0.16500581          2.40720735E-02      0.59845982    
      4.36670000E-07       14.884995          3.16122554E-02      0.12457940          3.17932899E-02      2.44768964E-02      0.16500582          2.40725269E-02      0.59845981    
      4.40003333E-07       14.884207          3.16119512E-02      0.12457941          3.17935900E-02      2.44764406E-02      0.16500583          2.40729795E-02      0.59845980    
      4.43336667E-07       14.883419          3.16116474E-02      0.12457942          3.17938896E-02      2.44759855E-02      0.16500584          2.40734315E-02      0.59845978    
      4.46670000E-07       14.882632          3.16113442E-02      0.12457943          3.17941887E-02      2.44755312E-02      0.16500586          2.40738826E-02      0.59845977    
      4.50003333E-07       14.881846          3.16110415E-02      0.12457943          3.17944873E-02      2.44750776E-02      0.16500587          2.40743330E-02      0.59845976    
      4.53336667E-07       14.881060          3.16107393E-02      0.12457944          3.17947854E-02      2.44746248E-02      0.16500588          2.40747827E-02      0.59845975    
      4.56670000E-07       14.880275          3.16104376E-02      0.12457945          3.17950830E-02      2.44741727E-02      0.16500589          2.40752316E-02      0.59845974    
      4.60003333E-07       14.879491          3.16101364E-02      0.12457946          3.17953802E-02      2.44737214E-02      0.16500590          2.40756798E-02      0.59845973    
      4.63336667E-07       14.878707          3.16098356E-02      0.12457947          3.17956768E-02      2.44732708E-02      0.16500591          2.40761273E-02      0.59845972    
      4.66670000E-07       14.877924          3.16095354E-02      0.12457947          3.17959729E-02      2.44728210E-02      0.16500592          2.40765740E-02      0.59845970    
      4.70003333E-07       14.877141          3.16092357E-02      0.12457948          3.17962686E-02      2.44723719E-02      0.16500593          2.40770200E-02      0.59845969    
      4.73336667E-07       14.876359          3.16089365E-02      0.12457949          3.17965638E-02      2.44719236E-02      0.16500594          2.40774652E-02      0.59845968    
      4.76670000E-07       14.875578          3.16086377E-02      0.12457950          3.17968585E-02      2.44714760E-02      0.16500595          2.40779097E-02      0.59845967    
      4.80003333E-07       14.874798          3.16083395E-02      0.12457951          3.17971527E-02      2.44710291E-02      0.16500596          2.40783535E-02      0.59845966    
      4.83336667E-07       14.874018          3.16080417E-02      0.12457951          3.17974464E-02      2.44705829E-02      0.16500597          2.40787965E-02      0.59845965    
      4.86670000E-07       14.873238          3.16077444E-02      0.12457952          3.17977397E-02      2.44701375E-02      0.16500598          2.40792389E-02      0.59845964    
      4.90003333E-07       14.872460          3.16074476E-02      0.12457953          3.17980324E-02      2.44696928E-02      0.16500599          2.40796805E-02      0.59845963    
      4.93336667E-07       14.871682          3.16071513E-02      0.12457954          3.17983247E-02      2.44692489E-02      0.16500600          2.40801213E-02      0.59845961    
      4.96670000E-07       14.870904          3.16068555E-02      0.12457954          3.17986165E-02      2.44688057E-02      0.16500601          2.40805615E-02      0.59845960    
      5.00003333E-07       14.870127          3.16065602E-02      0.12457955          3.17989078E-02      2.44683632E-02      0.16500602          2.40810009E-02      0.59845959    
      5.03336667E-07       14.869351          3.16062654E-02      0.12457956          3.17991987E-02      2.44679214E-02      0.16500603          2.40814396E-02      0.59845958    
      5.06670000E-07       14.868576          3.16059710E-02      0.12457957          3.17994890E-02      2.44674804E-02      0.16500604          2.40818776E-02      0.59845957    
      5.10003333E-07       14.867801          3.16056771E-02      0.12457958          3.17997789E-02      2.44670400E-02      0.16500605          2.40823149E-02      0.59845956    
      5.13336667E-07       14.867026          3.16053837E-02      0.12457958          3.18000683E-02      2.44666004E-02      0.16500606          2.40827514E-02      0.59845955    
      5.16670000E-07       14.866253          3.16050908E-02      0.12457959          3.18003573E-02      2.44661616E-02      0.16500607          2.40831872E-02      0.59845954    
      5.20003333E-07       14.865480          3.16047984E-02      0.12457960          3.18006457E-02      2.44657234E-02      0.16500608          2.40836224E-02      0.59845953    
      5.23336667E-07       14.864707          3.16045064E-02      0.12457961          3.18009337E-02      2.44652859E-02      0.16500610          2.40840568E-02      0.59845952    
      5.26670000E-07       14.863936          3.16042149E-02      0.12457961          3.18012213E-02      2.44648492E-02      0.16500611          2.40844905E-02      0.59845950    
      5.30003333E-07       14.863164          3.16039239E-02      0.12457962          3.18015083E-02      2.44644132E-02      0.16500612          2.40849235E-02      0.59845949    
      5.33336667E-07       14.862394          3.16036334E-02      0.12457963          3.18017949E-02      2.44639779E-02      0.16500613          2.40853558E-02      0.59845948    
      5.36670000E-07       14.861624          3.16033433E-02      0.12457964          3.18020810E-02      2.44635433E-02      0.16500614          2.40857874E-02      0.59845947    
      5.40003333E-07       14.860855          3.16030538E-02      0.12457965          3.18023667E-02      2.44631094E-02      0.16500615          2.40862182E-02      0.59845946    
      5.43336667E-07       14.860086          3.16027647E-02      0.12457965          3.18026519E-02      2.44626762E-02      0.16500616          2.40866484E-02      0.59845945    
      5.46670000E-07       14.859318          3.16024760E-02      0.12457966          3.18029366E-02      2.44622437E-02      0.16500617          2.40870779E-02      0.59845944    
      5.50003333E-07       14.858550          3.16021879E-02      0.12457967          3.18032209E-02      2.44618120E-02      0.16500618          2.40875067E-02      0.59845943    
      5.53336667E-07       14.857783          3.16019002E-02      0.12457968          3.18035046E-02      2.44613809E-02      0.16500619          2.40879347E-02      0.59845942    
      5.56670000E-07       14.857017          3.16016129E-02      0.12457968          3.18037880E-02      2.44609505E-02      0.16500620          2.40883621E-02      0.59845941    
      5.60003333E-07       14.856252          3.16013262E-02      0.12457969          3.18040709E-02      2.44605209E-02      0.16500621          2.40887888E-02      0.59845940    
      5.63336667E-07       14.855487          3.16010399E-02      0.12457970          3.18043533E-02      2.44600919E-02      0.16500622          2.40892148E-02      0.59845938    
      5.66670000E-07       14.854722          3.16007540E-02      0.12457971          3.18046352E-02      2.44596636E-02      0.16500623          2.40896401E-02      0.59845937    
      5.70003333E-07       14.853958          3.16004687E-02      0.12457971          3.18049167E-02      2.44592361E-02      0.16500624          2.40900647E-02      0.59845936    
      5.73336667E-07       14.853195          3.16001838E-02      0.12457972          3.18051978E-02      2.44588092E-02      0.16500625          2.40904886E-02      0.59845935    
      5.76670000E-07       14.852432          3.15998993E-02      0.12457973          3.18054783E-02      2.44583830E-02      0.16500626          2.40909118E-02      0.59845934    
      5.80003333E-07       14.851670          3.15996154E-02      0.12457974          3.18057585E-02      2.44579575E-02      0.16500627          2.40913344E-02      0.59845933    
      5.83336667E-07       14.850909          3.15993318E-02      0.12457974          3.18060381E-02      2.44575327E-02      0.16500628          2.40917562E-02      0.59845932    
      5.86670000E-07       14.850148          3.15990488E-02      0.12457975          3.18063173E-02      2.44571086E-02      0.16500629          2.40921774E-02      0.59845931    
      5.90003333E-07       14.849388          3.15987662E-02      0.12457976          3.18065961E-02      2.44566852E-02      0.16500630          2.40925979E-02      0.59845930    
      5.93336667E-07       14.848629          3.15984841E-02      0.12457977          3.18068744E-02      2.44562624E-02      0.16500631          2.40930177E-02      0.59845929    
      5.96670000E-07       14.847870          3.15982024E-02      0.12457977          3.18071523E-02      2.44558404E-02      0.16500632          2.40934368E-02      0.59845928    
      6.00003333E-07       14.847111          3.15979211E-02      0.12457978          3.18074297E-02      2.44554190E-02      0.16500633          2.40938553E-02      0.59845927    
      6.03336667E-07       14.846353          3.15976404E-02      0.12457979          3.18077067E-02      2.44549983E-02      0.16500634          2.40942731E-02      0.59845926    
      6.06670000E-07       14.845596          3.15973601E-02      0.12457980          3.18079832E-02      2.44545783E-02      0.16500635          2.40946902E-02      0.59845925    
      6.10003333E-07       14.844840          3.15970802E-02      0.12457980          3.18082593E-02      2.44541590E-02      0.16500636          2.40951066E-02      0.59845924    
      6.13336667E-07       14.844084          3.15968008E-02      0.12457981          3.18085349E-02      2.44537403E-02      0.16500637          2.40955223E-02      0.59845923    
      6.16670000E-07       14.843328          3.15965218E-02      0.12457982          3.18088101E-02      2.44533223E-02      0.16500638          2.40959374E-02      0.59845921    
      6.20003333E-07       14.842573          3.15962433E-02      0.12457983          3.18090848E-02      2.44529050E-02      0.16500639          2.40963518E-02      0.59845920    
      6.23336667E-07       14.841819          3.15959652E-02      0.12457983          3.18093591E-02      2.44524884E-02      0.16500640          2.40967656E-02      0.59845919    
      6.26670000E-07       14.841066          3.15956876E-02      0.12457984          3.18096329E-02      2.44520724E-02      0.16500640          2.40971786E-02      0.59845918    
      6.30003333E-07       14.840313          3.15954105E-02      0.12457985          3.18099063E-02      2.44516572E-02      0.16500641          2.40975911E-02      0.59845917    
      6.33336667E-07       14.839560          3.15951337E-02      0.12457985          3.18101793E-02      2.44512425E-02      0.16500642          2.40980028E-02      0.59845916    
      6.36670000E-07       14.838808          3.15948575E-02      0.12457986          3.18104518E-02      2.44508286E-02      0.16500643          2.40984139E-02      0.59845915    
      6.40003333E-07       14.838057          3.15945816E-02      0.12457987          3.18107239E-02      2.44504153E-02      0.16500644          2.40988243E-02      0.59845914    
      6.43336667E-07       14.837306          3.15943063E-02      0.12457988          3.18109956E-02      2.44500027E-02      0.16500645          2.40992341E-02      0.59845913    
      6.46670000E-07       14.836556          3.15940313E-02      0.12457988          3.18112668E-02      2.44495907E-02      0.16500646          2.40996432E-02      0.59845912    
      6.50003333E-07       14.835807          3.15937568E-02      0.12457989          3.18115375E-02      2.44491794E-02      0.16500647          2.41000516E-02      0.59845911    
      6.53336667E-07       14.835058          3.15934828E-02      0.12457990          3.18118079E-02      2.44487688E-02      0.16500648          2.41004594E-02      0.59845910    
      6.56670000E-07       14.834309          3.15932091E-02      0.12457991          3.18120778E-02      2.44483588E-02      0.16500649          2.41008665E-02      0.59845909    
      6.60003333E-07       14.833562          3.15929360E-02      0.12457991          3.18123473E-02      2.44479495E-02      0.16500650          2.41012730E-02      0.59845908    
      6.63336667E-07       14.832814          3.15926632E-02      0.12457992          3.18126163E-02      2.44475408E-02      0.16500651          2.41016788E-02      0.59845907    
      6.66670000E-07       14.832068          3.15923909E-02      0.12457993          3.18128849E-02      2.44471328E-02      0.16500652          2.41020840E-02      0.59845906    
      6.70003333E-07       14.831322          3.15921191E-02      0.12457993          3.18131531E-02      2.44467255E-02      0.16500653          2.41024885E-02      0.59845905    
      6.73336667E-07       14.830576          3.15918476E-02      0.12457994          3.18134209E-02      2.44463188E-02      0.16500654          2.41028924E-02      0.59845904    
      6.76670000E-07       14.829832          3.15915766E-02      0.12457995          3.18136882E-02      2.44459128E-02      0.16500655          2.41032956E-02      0.59845903    
      6.80003333E-07       14.829087          3.15913061E-02      0.12457996          3.18139551E-02      2.44455074E-02      0.16500656          2.41036982E-02      0.59845902    
      6.83336667E-07       14.828344          3.15910359E-02      0.12457996          3.18142215E-02      2.44451026E-02      0.16500657          2.41041002E-02      0.59845901    
      6.86670000E-07       14.827600          3.15907662E-02      0.12457997          3.18144876E-02      2.44446985E-02      0.16500658          2.41045015E-02      0.59845900    
      6.90003333E-07       14.826858          3.15904970E-02      0.12457998          3.18147532E-02      2.44442951E-02      0.16500659          2.41049021E-02      0.59845899    
      6.93336667E-07       14.826116          3.15902281E-02      0.12457998          3.18150184E-02      2.44438922E-02      0.16500660          2.41053021E-02      0.59845898    
      6.96670000E-07       14.825374          3.15899597E-02      0.12457999          3.18152831E-02      2.44434901E-02      0.16500661          2.41057015E-02      0.59845897    
      7.00003333E-07       14.824634          3.15896918E-02      0.12458000          3.18155475E-02      2.44430886E-02      0.16500662          2.41061002E-02      0.59845896    
      7.03336667E-07       14.823893          3.15894242E-02      0.12458001          3.18158114E-02      2.44426877E-02      0.16500662          2.41064983E-02      0.59845895    
      7.06670000E-07       14.823154          3.15891571E-02      0.12458001          3.18160749E-02      2.44422874E-02      0.16500663          2.41068958E-02      0.59845894    
      7.10003333E-07       14.822414          3.15888904E-02      0.12458002          3.18163380E-02      2.44418878E-02      0.16500664          2.41072926E-02      0.59845893    
      7.13336667E-07       14.821676          3.15886241E-02      0.12458003          3.18166006E-02      2.44414889E-02      0.16500665          2.41076888E-02      0.59845892    
      7.16670000E-07       14.820938          3.15883583E-02      0.12458003          3.18168629E-02      2.44410905E-02      0.16500666          2.41080844E-02      0.59845891    
      7.20003333E-07       14.820200          3.15880929E-02      0.12458004          3.18171247E-02      2.44406928E-02      0.16500667          2.41084794E-02      0.59845890    
      7.23336667E-07       14.819464          3.15878279E-02      0.12458005          3.18173861E-02      2.44402958E-02      0.16500668          2.41088737E-02      0.59845889    
      7.26670000E-07       14.818727          3.15875633E-02      0.12458006          3.18176471E-02      2.44398993E-02      0.16500669          2.41092674E-02      0.59845888    
      7.30003333E-07       14.817992          3.15872991E-02      0.12458006          3.18179077E-02      2.44395035E-02      0.16500670          2.41096604E-02      0.59845887    
