 #Time,Populations
      2.50000000E-11       14.999999          0.33593087          0.33334353          0.33072560    
      5.00000000E-11       14.999998          0.33848792          0.33337380          0.32813828    
      7.50000000E-11       14.999991          0.34348309          0.33349257          0.32302435    
      1.00000000E-10       14.999981          0.34832377          0.33368563          0.31799060    
      1.25000000E-10       14.999967          0.35301474          0.33394899          0.31303627    
      1.50000000E-10       14.999951          0.35756062          0.33427869          0.30816069    
      1.75000000E-10       14.999932          0.36196592          0.33467084          0.30336324    
      2.00000000E-10       14.999913          0.36623497          0.33512175          0.29864328    
      2.25000000E-10       14.999892          0.37037199          0.33562792          0.29400009    
      2.50000000E-10       14.999872          0.37438106          0.33618609          0.28943284    
      2.75000000E-10       14.999851          0.37826615          0.33679331          0.28494054    
      3.00000000E-10       14.999830          0.38203107          0.33744691          0.28052202    
      3.25000000E-10       14.999809          0.38567956          0.33814448          0.27617597    
      3.50000000E-10       14.999788          0.38921521          0.33888389          0.27190091    
      3.75000000E-10       14.999765          0.39264150          0.33966321          0.26769528    
      4.00000000E-10       14.999742          0.39596184          0.34048070          0.26355746    
      4.25000000E-10       14.999716          0.39917948          0.34133469          0.25948583    
      4.50000000E-10       14.999688          0.40229761          0.34222358          0.25547882    
      4.75000000E-10       14.999658          0.40531930          0.34314577          0.25153494    
      5.00000000E-10       14.999624          0.40824754          0.34409960          0.24765286    
      5.25000000E-10       14.999587          0.41108521          0.34508337          0.24383142    
      5.50000000E-10       14.999546          0.41383513          0.34609526          0.24006961    
      5.75000000E-10       14.999503          0.41649999          0.34713338          0.23636663    
      6.00000000E-10       14.999456          0.41908244          0.34819578          0.23272178    
      6.25000000E-10       14.999407          0.42158502          0.34928045          0.22913453    
      6.50000000E-10       14.999356          0.42401020          0.35038540          0.22560440    
      6.75000000E-10       14.999304          0.42636038          0.35150868          0.22213094    
      7.00000000E-10       14.999250          0.42863787          0.35264844          0.21871370    
      7.25000000E-10       14.999196          0.43084492          0.35380292          0.21535216    
      7.50000000E-10       14.999142          0.43298372          0.35497057          0.21204572    
      7.75000000E-10       14.999087          0.43505636          0.35614997          0.20879366    
      8.00000000E-10       14.999032          0.43706491          0.35733994          0.20559515    
      8.25000000E-10       14.998977          0.43901133          0.35853944          0.20244923    
      8.50000000E-10       14.998921          0.44089756          0.35974761          0.19935483    
      8.75000000E-10       14.998865          0.44272545          0.36096373          0.19631082    
      9.00000000E-10       14.998808          0.44449681          0.36218717          0.19331602    
      9.25000000E-10       14.998749          0.44621339          0.36341735          0.19036926    
      9.50000000E-10       14.998688          0.44787688          0.36465374          0.18746938    
      9.75000000E-10       14.998625          0.44948891          0.36589575          0.18461533    
      1.00000000E-09       14.998560          0.45105110          0.36714277          0.18180614    
      1.02500000E-09       14.998492          0.45256496          0.36839409          0.17904095    
      1.05000000E-09       14.998422          0.45403201          0.36964894          0.17631904    
      1.07500000E-09       14.998349          0.45545369          0.37090648          0.17363983    
      1.10000000E-09       14.998274          0.45683139          0.37216579          0.17100282    
      1.12500000E-09       14.998197          0.45816649          0.37342589          0.16840761    
      1.15000000E-09       14.998118          0.45946030          0.37468583          0.16585387    
      1.17500000E-09       14.998039          0.46071409          0.37594463          0.16334127    
      1.20000000E-09       14.997958          0.46192911          0.37720140          0.16086949    
      1.22500000E-09       14.997877          0.46310655          0.37845531          0.15843815    
      1.25000000E-09       14.997795          0.46424757          0.37970562          0.15604681    
      1.27500000E-09       14.997713          0.46535330          0.38095174          0.15369496    
      1.30000000E-09       14.997631          0.46642484          0.38219318          0.15138198    
      1.32500000E-09       14.997548          0.46746323          0.38342958          0.14910719    
      1.35000000E-09       14.997465          0.46846952          0.38466068          0.14686980    
      1.37500000E-09       14.997381          0.46944468          0.38588633          0.14466900    
      1.40000000E-09       14.997297          0.47038968          0.38710640          0.14250392    
      1.42500000E-09       14.997211          0.47130545          0.38832083          0.14037372    
      1.45000000E-09       14.997124          0.47219290          0.38952954          0.13827756    
      1.47500000E-09       14.997035          0.47305291          0.39073244          0.13621466    
      1.50000000E-09       14.996944          0.47388631          0.39192937          0.13418432    
      1.52500000E-09       14.996851          0.47469394          0.39312014          0.13218592    
      1.55000000E-09       14.996756          0.47547660          0.39430446          0.13021894    
      1.57500000E-09       14.996659          0.47623505          0.39548200          0.12828296    
      1.60000000E-09       14.996560          0.47697004          0.39665236          0.12637760    
      1.62500000E-09       14.996460          0.47768230          0.39781511          0.12450259    
      1.65000000E-09       14.996359          0.47837253          0.39896979          0.12265768    
      1.67500000E-09       14.996256          0.47904141          0.40011595          0.12084264    
      1.70000000E-09       14.996153          0.47968961          0.40125318          0.11905722    
      1.72500000E-09       14.996049          0.48031776          0.40238109          0.11730115    
      1.75000000E-09       14.995945          0.48092648          0.40349939          0.11557413    
      1.77500000E-09       14.995840          0.48151638          0.40460786          0.11387576    
      1.80000000E-09       14.995735          0.48208803          0.40570636          0.11220561    
      1.82500000E-09       14.995630          0.48264200          0.40679482          0.11056317    
      1.85000000E-09       14.995524          0.48317884          0.40787327          0.10894789    
      1.87500000E-09       14.995418          0.48369908          0.40894177          0.10735915    
      1.90000000E-09       14.995311          0.48420323          0.41000044          0.10579634    
      1.92500000E-09       14.995203          0.48469178          0.41104939          0.10425883    
      1.95000000E-09       14.995093          0.48516523          0.41208875          0.10274602    
      1.97500000E-09       14.994982          0.48562403          0.41311863          0.10125735    
      2.00000000E-09       14.994870          0.48606864          0.41413907          9.97922919E-02
      2.02500000E-09       14.994756          0.48649950          0.41515008          9.83504110E-02
      2.05000000E-09       14.994641          0.48691704          0.41615164          9.69313225E-02
      2.07500000E-09       14.994524          0.48732166          0.41714362          9.55347117E-02
      2.10000000E-09       14.994406          0.48771377          0.41812590          9.41603222E-02
      2.12500000E-09       14.994286          0.48809376          0.41909830          9.28079432E-02
      2.15000000E-09       14.994165          0.48846199          0.42006062          9.14773941E-02
      2.17500000E-09       14.994044          0.48881883          0.42101266          9.01685063E-02
      2.20000000E-09       14.993922          0.48916464          0.42195426          8.88811053E-02
      2.22500000E-09       14.993799          0.48949975          0.42288526          8.76149950E-02
      2.25000000E-09       14.993676          0.48982449          0.42380556          8.63699440E-02
      2.27500000E-09       14.993552          0.49013920          0.42471513          8.51456773E-02
      2.30000000E-09       14.993428          0.49044417          0.42561396          8.39418725E-02
      2.32500000E-09       14.993304          0.49073970          0.42650213          8.27581611E-02
      2.35000000E-09       14.993180          0.49102610          0.42737976          8.15941350E-02
      2.37500000E-09       14.993054          0.49130364          0.42824700          8.04493568E-02
      2.40000000E-09       14.992928          0.49157260          0.42910403          7.93233733E-02
      2.42500000E-09       14.992802          0.49183324          0.42995103          7.82157308E-02
      2.45000000E-09       14.992674          0.49208582          0.43078819          7.71259894E-02
      2.47500000E-09       14.992545          0.49233058          0.43161568          7.60537378E-02
      2.50000000E-09       14.992415          0.49256778          0.43243362          7.49986031E-02
      2.52500000E-09       14.992284          0.49279764          0.43324210          7.39602590E-02
      2.55000000E-09       14.992151          0.49302039          0.43404118          7.29384285E-02
      2.57500000E-09       14.992018          0.49323625          0.43483087          7.19328825E-02
      2.60000000E-09       14.991883          0.49344544          0.43561113          7.09434344E-02
      2.62500000E-09       14.991747          0.49364815          0.43638192          6.99699308E-02
      2.65000000E-09       14.991610          0.49384460          0.43714316          6.90122402E-02
      2.67500000E-09       14.991473          0.49403497          0.43789479          6.80702400E-02
      2.70000000E-09       14.991335          0.49421946          0.43863674          6.71438032E-02
      2.72500000E-09       14.991196          0.49439823          0.43936898          6.62327871E-02
      2.75000000E-09       14.991057          0.49457148          0.44009149          6.53370234E-02
      2.77500000E-09       14.990918          0.49473937          0.44080432          6.44563120E-02
      2.80000000E-09       14.990779          0.49490207          0.44150751          6.35904183E-02
      2.82500000E-09       14.990639          0.49505974          0.44220119          6.27390743E-02
      2.85000000E-09       14.990498          0.49521253          0.44288549          6.19019829E-02
      2.87500000E-09       14.990358          0.49536059          0.44356058          6.10788259E-02
      2.90000000E-09       14.990216          0.49550408          0.44422665          6.02692735E-02
      2.92500000E-09       14.990074          0.49564312          0.44488388          5.94729955E-02
      2.95000000E-09       14.989931          0.49577787          0.44553246          5.86896718E-02
      2.97500000E-09       14.989787          0.49590845          0.44617255          5.79190030E-02
      3.00000000E-09       14.989643          0.49603499          0.44680429          5.71607178E-02
      3.02500000E-09       14.989497          0.49615762          0.44742780          5.64145788E-02
      3.05000000E-09       14.989350          0.49627646          0.44804316          5.56803843E-02
      3.07500000E-09       14.989203          0.49639162          0.44865042          5.49579677E-02
      3.10000000E-09       14.989054          0.49650321          0.44924959          5.42471933E-02
      3.12500000E-09       14.988905          0.49661136          0.44984069          5.35479497E-02
      3.15000000E-09       14.988755          0.49671616          0.45042369          5.28601414E-02
      3.17500000E-09       14.988604          0.49681772          0.45099860          5.21836791E-02
      3.20000000E-09       14.988453          0.49691614          0.45156538          5.15184710E-02
      3.22500000E-09       14.988301          0.49701152          0.45212407          5.08644132E-02
      3.25000000E-09       14.988150          0.49710395          0.45267467          5.02213837E-02
      3.27500000E-09       14.987997          0.49719351          0.45321725          4.95892370E-02
      3.30000000E-09       14.987845          0.49728031          0.45375189          4.89678028E-02
      3.32500000E-09       14.987692          0.49736443          0.45427869          4.83568860E-02
      3.35000000E-09       14.987539          0.49744594          0.45479779          4.77562706E-02
      3.37500000E-09       14.987385          0.49752493          0.45530935          4.71657253E-02
      3.40000000E-09       14.987231          0.49760148          0.45581351          4.65850101E-02
      3.42500000E-09       14.987076          0.49767566          0.45631046          4.60138846E-02
      3.45000000E-09       14.986921          0.49774754          0.45680034          4.54521161E-02
      3.47500000E-09       14.986765          0.49781721          0.45728331          4.48994866E-02
      3.50000000E-09       14.986608          0.49788471          0.45775949          4.43557987E-02
      3.52500000E-09       14.986451          0.49795013          0.45822899          4.38208799E-02
      3.55000000E-09       14.986292          0.49801353          0.45869189          4.32945834E-02
      3.57500000E-09       14.986133          0.49807497          0.45914824          4.27767882E-02
      3.60000000E-09       14.985974          0.49813450          0.45959810          4.22673958E-02
      3.62500000E-09       14.985813          0.49819220          0.46004147          4.17663255E-02
      3.65000000E-09       14.985652          0.49824811          0.46047838          4.12735082E-02
      3.67500000E-09       14.985491          0.49830229          0.46090883          4.07888795E-02
      3.70000000E-09       14.985329          0.49835480          0.46133283          4.03123728E-02
      3.72500000E-09       14.985167          0.49840568          0.46175041          3.98439134E-02
      3.75000000E-09       14.985004          0.49845499          0.46216160          3.93834126E-02
      3.77500000E-09       14.984841          0.49850277          0.46256646          3.89307652E-02
      3.80000000E-09       14.984678          0.49854908          0.46296508          3.84858474E-02
      3.82500000E-09       14.984515          0.49859395          0.46335753          3.80485178E-02
      3.85000000E-09       14.984351          0.49863744          0.46374394          3.76186194E-02
      3.87500000E-09       14.984187          0.49867958          0.46412444          3.71959838E-02
      3.90000000E-09       14.984023          0.49872041          0.46449915          3.67804366E-02
      3.92500000E-09       14.983858          0.49875999          0.46486821          3.63718029E-02
      3.95000000E-09       14.983693          0.49879834          0.46523175          3.59699133E-02
      3.97500000E-09       14.983527          0.49883550          0.46558989          3.55746092E-02
      4.00000000E-09       14.983360          0.49887152          0.46594273          3.51857470E-02
      4.02500000E-09       14.983193          0.49890642          0.46629038          3.48032012E-02
      4.05000000E-09       14.983025          0.49894024          0.46663289          3.44268654E-02
      4.07500000E-09       14.982857          0.49897302          0.46697033          3.40566518E-02
      4.10000000E-09       14.982688          0.49900478          0.46730273          3.36924890E-02
      4.12500000E-09       14.982519          0.49903556          0.46763012          3.33343190E-02
      4.15000000E-09       14.982349          0.49906539          0.46795252          3.29820920E-02
      4.17500000E-09       14.982179          0.49909429          0.46826995          3.26357618E-02
      4.20000000E-09       14.982008          0.49912230          0.46858242          3.22952807E-02
      4.22500000E-09       14.981837          0.49914945          0.46888996          3.19605950E-02
      4.25000000E-09       14.981666          0.49917575          0.46919261          3.16316409E-02
      4.27500000E-09       14.981495          0.49920125          0.46949041          3.13083423E-02
      4.30000000E-09       14.981323          0.49922595          0.46978344          3.09906097E-02
      4.32500000E-09       14.981151          0.49924989          0.47007177          3.06783405E-02
      4.35000000E-09       14.980979          0.49927309          0.47035549          3.03714206E-02
      4.37500000E-09       14.980807          0.49929557          0.47063470          3.00697276E-02
      4.40000000E-09       14.980634          0.49931736          0.47090951          2.97731348E-02
      4.42500000E-09       14.980461          0.49933847          0.47118002          2.94815146E-02
      4.45000000E-09       14.980288          0.49935893          0.47144633          2.91947439E-02
      4.47500000E-09       14.980114          0.49937875          0.47170854          2.89127072E-02
      4.50000000E-09       14.979939          0.49939797          0.47196673          2.86353000E-02
      4.52500000E-09       14.979765          0.49941659          0.47222098          2.83624312E-02
      4.55000000E-09       14.979589          0.49943463          0.47247135          2.80940234E-02
      4.57500000E-09       14.979414          0.49945212          0.47271787          2.78300132E-02
      4.60000000E-09       14.979237          0.49946906          0.47296059          2.75703493E-02
      4.62500000E-09       14.979061          0.49948548          0.47319953          2.73149900E-02
      4.65000000E-09       14.978884          0.49950139          0.47343471          2.70638999E-02
      4.67500000E-09       14.978707          0.49951681          0.47366614          2.68170463E-02
      4.70000000E-09       14.978529          0.49953176          0.47389385          2.65743953E-02
      4.72500000E-09       14.978351          0.49954624          0.47411785          2.63359086E-02
      4.75000000E-09       14.978173          0.49956027          0.47433819          2.61015405E-02
      4.77500000E-09       14.977995          0.49957387          0.47455489          2.58712365E-02
      4.80000000E-09       14.977817          0.49958705          0.47476802          2.56449319E-02
      4.82500000E-09       14.977638          0.49959982          0.47497762          2.54225522E-02
      4.85000000E-09       14.977460          0.49961220          0.47518378          2.52040149E-02
      4.87500000E-09       14.977281          0.49962419          0.47538658          2.49892308E-02
      4.90000000E-09       14.977101          0.49963582          0.47558608          2.47781076E-02
      4.92500000E-09       14.976922          0.49964708          0.47578237          2.45705525E-02
      4.95000000E-09       14.976742          0.49965800          0.47597553          2.43664755E-02
      4.97500000E-09       14.976562          0.49966857          0.47616563          2.41657926E-02
      5.00000000E-09       14.976381          0.49967882          0.47635275          2.39684278E-02
      5.02500000E-09       14.976200          0.49968876          0.47653693          2.37743147E-02
      5.05000000E-09       14.976019          0.49969838          0.47671822          2.35833973E-02
      5.07500000E-09       14.975837          0.49970771          0.47689666          2.33956300E-02
      5.10000000E-09       14.975655          0.49971675          0.47707227          2.32109759E-02
      5.12500000E-09       14.975473          0.49972551          0.47724508          2.30294055E-02
      5.15000000E-09       14.975291          0.49973400          0.47741511          2.28508940E-02
      5.17500000E-09       14.975108          0.49974223          0.47758236          2.26754184E-02
      5.20000000E-09       14.974925          0.49975020          0.47774685          2.25029552E-02
      5.22500000E-09       14.974741          0.49975792          0.47790860          2.23334773E-02
      5.25000000E-09       14.974558          0.49976541          0.47806764          2.21669525E-02
      5.27500000E-09       14.974375          0.49977267          0.47822399          2.20033416E-02
      5.30000000E-09       14.974191          0.49977970          0.47837770          2.18425981E-02
      5.32500000E-09       14.974007          0.49978651          0.47852882          2.16846683E-02
      5.35000000E-09       14.973823          0.49979311          0.47867739          2.15294921E-02
      5.37500000E-09       14.973639          0.49979951          0.47882348          2.13770048E-02
      5.40000000E-09       14.973454          0.49980571          0.47896715          2.12271387E-02
      5.42500000E-09       14.973270          0.49981172          0.47910845          2.10798263E-02
      5.45000000E-09       14.973085          0.49981754          0.47924745          2.09350018E-02
      5.47500000E-09       14.972900          0.49982319          0.47938421          2.07926038E-02
      5.50000000E-09       14.972714          0.49982866          0.47951877          2.06525768E-02
      5.52500000E-09       14.972528          0.49983395          0.47965117          2.05148727E-02
      5.55000000E-09       14.972342          0.49983909          0.47978146          2.03794509E-02
      5.57500000E-09       14.972156          0.49984407          0.47990965          2.02462785E-02
      5.60000000E-09       14.971970          0.49984889          0.48003578          2.01153295E-02
      5.62500000E-09       14.971783          0.49985356          0.48015985          1.99865831E-02
      5.65000000E-09       14.971596          0.49985809          0.48028189          1.98600223E-02
      5.67500000E-09       14.971409          0.49986248          0.48040189          1.97356314E-02
      5.70000000E-09       14.971221          0.49986673          0.48051987          1.96133943E-02
      5.72500000E-09       14.971034          0.49987086          0.48063585          1.94932924E-02
      5.75000000E-09       14.970846          0.49987485          0.48074985          1.93753030E-02
      5.77500000E-09       14.970659          0.49987872          0.48086188          1.92593984E-02
      5.80000000E-09       14.970471          0.49988247          0.48097198          1.91455452E-02
      5.82500000E-09       14.970283          0.49988611          0.48108019          1.90337047E-02
      5.85000000E-09       14.970095          0.49988963          0.48118654          1.89238332E-02
      5.87500000E-09       14.969906          0.49989304          0.48129107          1.88158833E-02
      5.90000000E-09       14.969718          0.49989635          0.48139384          1.87098058E-02
      5.92500000E-09       14.969529          0.49989956          0.48149489          1.86055509E-02
      5.95000000E-09       14.969340          0.49990266          0.48159427          1.85030704E-02
      5.97500000E-09       14.969151          0.49990567          0.48169201          1.84023194E-02
      6.00000000E-09       14.968962          0.49990859          0.48178815          1.83032572E-02
      6.02500000E-09       14.968773          0.49991142          0.48188273          1.82058488E-02
      6.05000000E-09       14.968583          0.49991416          0.48197578          1.81100648E-02
      6.07500000E-09       14.968393          0.49991681          0.48206731          1.80158818E-02
      6.10000000E-09       14.968203          0.49991938          0.48215733          1.79232813E-02
      6.12500000E-09       14.968013          0.49992188          0.48224587          1.78322493E-02
      6.15000000E-09       14.967823          0.49992429          0.48233293          1.77427742E-02
      6.17500000E-09       14.967632          0.49992663          0.48241852          1.76548457E-02
      6.20000000E-09       14.967441          0.49992890          0.48250264          1.75684533E-02
      6.22500000E-09       14.967250          0.49993110          0.48258531          1.74835845E-02
      6.25000000E-09       14.967060          0.49993323          0.48266654          1.74002235E-02
      6.27500000E-09       14.966869          0.49993530          0.48274635          1.73183511E-02
      6.30000000E-09       14.966677          0.49993730          0.48282476          1.72379434E-02
      6.32500000E-09       14.966486          0.49993924          0.48290179          1.71589723E-02
      6.35000000E-09       14.966295          0.49994112          0.48297748          1.70814061E-02
      6.37500000E-09       14.966104          0.49994294          0.48305185          1.70052101E-02
      6.40000000E-09       14.965912          0.49994470          0.48312495          1.69303480E-02
      6.42500000E-09       14.965720          0.49994641          0.48319680          1.68567832E-02
      6.45000000E-09       14.965529          0.49994807          0.48326745          1.67844800E-02
      6.47500000E-09       14.965337          0.49994968          0.48333692          1.67134054E-02
      6.50000000E-09       14.965144          0.49995123          0.48340524          1.66435294E-02
      6.52500000E-09       14.964952          0.49995274          0.48347243          1.65748264E-02
      6.55000000E-09       14.964760          0.49995420          0.48353852          1.65072752E-02
      6.57500000E-09       14.964567          0.49995562          0.48360352          1.64408591E-02
      6.60000000E-09       14.964374          0.49995699          0.48366744          1.63755654E-02
      6.62500000E-09       14.964181          0.49995832          0.48373029          1.63113847E-02
      6.65000000E-09       14.963988          0.49995961          0.48379208          1.62483096E-02
      6.67500000E-09       14.963795          0.49996086          0.48385281          1.61863338E-02
      6.70000000E-09       14.963602          0.49996207          0.48391248          1.61254506E-02
      6.72500000E-09       14.963408          0.49996324          0.48397110          1.60656521E-02
      6.75000000E-09       14.963215          0.49996438          0.48402869          1.60069278E-02
      6.77500000E-09       14.963021          0.49996548          0.48408525          1.59492641E-02
      6.80000000E-09       14.962828          0.49996655          0.48414081          1.58926444E-02
      6.82500000E-09       14.962634          0.49996758          0.48419537          1.58370482E-02
      6.85000000E-09       14.962441          0.49996859          0.48424896          1.57824524E-02
      6.87500000E-09       14.962247          0.49996956          0.48430161          1.57288314E-02
      6.90000000E-09       14.962053          0.49997050          0.48435334          1.56761582E-02
      6.92500000E-09       14.961859          0.49997141          0.48440418          1.56244058E-02
      6.95000000E-09       14.961665          0.49997230          0.48445416          1.55735474E-02
      6.97500000E-09       14.961470          0.49997315          0.48450329          1.55235585E-02
      7.00000000E-09       14.961276          0.49997398          0.48455160          1.54744169E-02
      7.02500000E-09       14.961082          0.49997479          0.48459911          1.54261038E-02
      7.05000000E-09       14.960887          0.49997557          0.48464583          1.53786038E-02
      7.07500000E-09       14.960692          0.49997632          0.48469177          1.53319053E-02
      7.10000000E-09       14.960497          0.49997706          0.48473694          1.52859995E-02
      7.12500000E-09       14.960302          0.49997777          0.48478135          1.52408804E-02
      7.15000000E-09       14.960107          0.49997845          0.48482500          1.51965438E-02
      7.17500000E-09       14.959912          0.49997912          0.48486789          1.51529862E-02
      7.20000000E-09       14.959717          0.49997977          0.48491003          1.51102039E-02
      7.22500000E-09       14.959522          0.49998039          0.48495142          1.50681922E-02
      7.25000000E-09       14.959326          0.49998100          0.48499206          1.50269442E-02
      7.27500000E-09       14.959131          0.49998159          0.48503196          1.49864509E-02
      7.30000000E-09       14.958935          0.49998215          0.48507114          1.49467004E-02
      7.32500000E-09       14.958740          0.49998271          0.48510962          1.49076781E-02
      7.35000000E-09       14.958544          0.49998324          0.48514739          1.48693668E-02
      7.37500000E-09       14.958349          0.49998376          0.48518449          1.48317477E-02
      7.40000000E-09       14.958153          0.49998426          0.48522094          1.47948004E-02
      7.42500000E-09       14.957957          0.49998475          0.48525675          1.47585045E-02
      7.45000000E-09       14.957761          0.49998522          0.48529194          1.47228399E-02
      7.47500000E-09       14.957565          0.49998568          0.48532653          1.46877882E-02
      7.50000000E-09       14.957369          0.49998612          0.48536055          1.46533326E-02
      7.52500000E-09       14.957173          0.49998655          0.48539399          1.46194593E-02
      7.55000000E-09       14.956977          0.49998697          0.48542688          1.45861572E-02
      7.57500000E-09       14.956781          0.49998737          0.48545921          1.45534181E-02
      7.60000000E-09       14.956584          0.49998776          0.48549100          1.45212362E-02
      7.62500000E-09       14.956388          0.49998814          0.48552225          1.44896081E-02
      7.65000000E-09       14.956191          0.49998851          0.48555296          1.44585317E-02
      7.67500000E-09       14.955994          0.49998886          0.48558313          1.44280056E-02
      7.70000000E-09       14.955798          0.49998921          0.48561277          1.43980283E-02
      7.72500000E-09       14.955601          0.49998954          0.48564186          1.43685973E-02
      7.75000000E-09       14.955404          0.49998986          0.48567043          1.43397087E-02
      7.77500000E-09       14.955207          0.49999018          0.48569847          1.43113564E-02
      7.80000000E-09       14.955010          0.49999048          0.48572599          1.42835322E-02
      7.82500000E-09       14.954813          0.49999077          0.48575300          1.42562254E-02
      7.85000000E-09       14.954616          0.49999106          0.48577952          1.42294234E-02
      7.87500000E-09       14.954419          0.49999134          0.48580555          1.42031119E-02
      7.90000000E-09       14.954222          0.49999160          0.48583112          1.41772755E-02
      7.92500000E-09       14.954025          0.49999186          0.48585624          1.41518985E-02
      7.95000000E-09       14.953828          0.49999212          0.48588092          1.41269656E-02
      7.97500000E-09       14.953631          0.49999236          0.48590518          1.41024624E-02
      8.00000000E-09       14.953434          0.49999260          0.48592903          1.40783765E-02
      8.02500000E-09       14.953236          0.49999282          0.48595248          1.40546975E-02
      8.05000000E-09       14.953039          0.49999305          0.48597554          1.40314172E-02
      8.07500000E-09       14.952841          0.49999326          0.48599821          1.40085299E-02
      8.10000000E-09       14.952644          0.49999347          0.48602050          1.39860322E-02
      8.12500000E-09       14.952446          0.49999367          0.48604241          1.39639224E-02
      8.15000000E-09       14.952248          0.49999387          0.48606393          1.39422000E-02
      8.17500000E-09       14.952050          0.49999406          0.48608508          1.39208651E-02
      8.20000000E-09       14.951853          0.49999424          0.48610584          1.38999177E-02
      8.22500000E-09       14.951655          0.49999442          0.48612622          1.38793571E-02
      8.25000000E-09       14.951457          0.49999459          0.48614623          1.38591813E-02
      8.27500000E-09       14.951259          0.49999476          0.48616585          1.38393865E-02
      8.30000000E-09       14.951061          0.49999492          0.48618511          1.38199671E-02
      8.32500000E-09       14.950863          0.49999508          0.48620401          1.38009153E-02
      8.35000000E-09       14.950665          0.49999523          0.48622255          1.37822215E-02
      8.37500000E-09       14.950467          0.49999538          0.48624075          1.37638749E-02
      8.40000000E-09       14.950269          0.49999552          0.48625862          1.37458636E-02
      8.42500000E-09       14.950071          0.49999566          0.48627617          1.37281751E-02
      8.45000000E-09       14.949873          0.49999579          0.48629341          1.37107976E-02
      8.47500000E-09       14.949674          0.49999592          0.48631036          1.36937198E-02
      8.50000000E-09       14.949476          0.49999605          0.48632702          1.36769322E-02
      8.52500000E-09       14.949278          0.49999617          0.48634340          1.36604267E-02
      8.55000000E-09       14.949080          0.49999629          0.48635951          1.36441974E-02
      8.57500000E-09       14.948881          0.49999641          0.48637535          1.36282406E-02
      8.60000000E-09       14.948683          0.49999652          0.48639093          1.36125542E-02
      8.62500000E-09       14.948484          0.49999662          0.48640624          1.35971378E-02
      8.65000000E-09       14.948285          0.49999673          0.48642128          1.35819922E-02
      8.67500000E-09       14.948087          0.49999683          0.48643605          1.35671185E-02
      8.70000000E-09       14.947888          0.49999693          0.48645055          1.35525180E-02
      8.72500000E-09       14.947690          0.49999702          0.48646479          1.35381911E-02
      8.75000000E-09       14.947491          0.49999711          0.48647875          1.35241371E-02
      8.77500000E-09       14.947292          0.49999720          0.48649244          1.35103541E-02
      8.80000000E-09       14.947093          0.49999729          0.48650587          1.34968381E-02
      8.82500000E-09       14.946895          0.49999737          0.48651904          1.34835835E-02
      8.85000000E-09       14.946696          0.49999746          0.48653196          1.34705830E-02
      8.87500000E-09       14.946497          0.49999753          0.48654464          1.34578280E-02
      8.90000000E-09       14.946298          0.49999761          0.48655708          1.34453091E-02
      8.92500000E-09       14.946100          0.49999768          0.48656930          1.34330163E-02
      8.95000000E-09       14.945901          0.49999776          0.48658130          1.34209402E-02
      8.97500000E-09       14.945702          0.49999783          0.48659310          1.34090718E-02
      9.00000000E-09       14.945503          0.49999789          0.48660470          1.33974033E-02
      9.02500000E-09       14.945304          0.49999796          0.48661611          1.33859286E-02
      9.05000000E-09       14.945105          0.49999802          0.48662734          1.33746435E-02
      9.07500000E-09       14.944906          0.49999808          0.48663837          1.33635453E-02
      9.10000000E-09       14.944707          0.49999814          0.48664923          1.33526332E-02
      9.12500000E-09       14.944507          0.49999820          0.48665989          1.33419078E-02
      9.15000000E-09       14.944308          0.49999825          0.48667037          1.33313705E-02
      9.17500000E-09       14.944109          0.49999831          0.48668067          1.33210234E-02
      9.20000000E-09       14.943910          0.49999836          0.48669077          1.33108686E-02
      9.22500000E-09       14.943711          0.49999841          0.48670068          1.33009073E-02
      9.25000000E-09       14.943511          0.49999846          0.48671040          1.32911399E-02
      9.27500000E-09       14.943312          0.49999851          0.48671993          1.32815656E-02
      9.30000000E-09       14.943113          0.49999855          0.48672926          1.32721817E-02
      9.32500000E-09       14.942913          0.49999860          0.48673842          1.32629841E-02
      9.35000000E-09       14.942714          0.49999864          0.48674739          1.32539672E-02
      9.37500000E-09       14.942515          0.49999868          0.48675619          1.32451240E-02
      9.40000000E-09       14.942316          0.49999873          0.48676483          1.32364468E-02
      9.42500000E-09       14.942116          0.49999876          0.48677331          1.32279275E-02
      9.45000000E-09       14.941917          0.49999880          0.48678164          1.32195581E-02
      9.47500000E-09       14.941717          0.49999884          0.48678983          1.32113313E-02
      9.50000000E-09       14.941518          0.49999888          0.48679788          1.32032409E-02
      9.52500000E-09       14.941318          0.49999891          0.48680581          1.31952820E-02
      9.55000000E-09       14.941119          0.49999894          0.48681360          1.31874513E-02
      9.57500000E-09       14.940919          0.49999898          0.48682128          1.31797472E-02
      9.60000000E-09       14.940720          0.49999901          0.48682882          1.31721697E-02
      9.62500000E-09       14.940520          0.49999904          0.48683624          1.31647200E-02
      9.65000000E-09       14.940320          0.49999907          0.48684353          1.31574003E-02
      9.67500000E-09       14.940121          0.49999910          0.48685069          1.31502131E-02
      9.70000000E-09       14.939921          0.49999913          0.48685771          1.31431610E-02
      9.72500000E-09       14.939721          0.49999915          0.48686460          1.31362460E-02
      9.75000000E-09       14.939522          0.49999918          0.48687135          1.31294693E-02
      9.77500000E-09       14.939322          0.49999920          0.48687797          1.31228307E-02
      9.80000000E-09       14.939122          0.49999923          0.48688444          1.31163286E-02
      9.82500000E-09       14.938923          0.49999925          0.48689079          1.31099600E-02
      9.85000000E-09       14.938723          0.49999928          0.48689700          1.31037202E-02
      9.87500000E-09       14.938523          0.49999930          0.48690310          1.30976036E-02
