 #Time,Populations
      2.50000000E-11       14.999997          0.33593087          0.33334353          0.33072560    
      5.00000000E-11       14.999989          0.33848792          0.33337374          0.32813834    
      7.50000000E-11       14.999957          0.34348309          0.33349182          0.32302509    
      1.00000000E-10       14.999905          0.34832377          0.33368228          0.31799395    
      1.25000000E-10       14.999838          0.35301474          0.33393922          0.31304604    
      1.50000000E-10       14.999757          0.35756062          0.33425645          0.30818292    
      1.75000000E-10       14.999666          0.36196592          0.33462777          0.30340630    
      2.00000000E-10       14.999569          0.36623497          0.33504730          0.29871773    
      2.25000000E-10       14.999468          0.37037199          0.33550972          0.29411829    
      2.50000000E-10       14.999365          0.37438106          0.33601056          0.28960837    
      2.75000000E-10       14.999262          0.37826615          0.33654632          0.28518754    
      3.00000000E-10       14.999159          0.38203107          0.33711451          0.28085442    
      3.25000000E-10       14.999055          0.38567956          0.33771366          0.27660678    
      3.50000000E-10       14.998948          0.38921521          0.33834317          0.27244162    
      3.75000000E-10       14.998838          0.39264150          0.33900316          0.26835534    
      4.00000000E-10       14.998720          0.39596184          0.33969416          0.26434400    
      4.25000000E-10       14.998594          0.39917948          0.34041692          0.26040360    
      4.50000000E-10       14.998455          0.40229761          0.34117207          0.25653033    
      4.75000000E-10       14.998303          0.40531930          0.34195991          0.25272079    
      5.00000000E-10       14.998135          0.40824754          0.34278021          0.24897225    
      5.25000000E-10       14.997950          0.41108521          0.34363207          0.24528272    
      5.50000000E-10       14.997749          0.41383513          0.34451384          0.24165103    
      5.75000000E-10       14.997533          0.41649999          0.34542319          0.23807681    
      6.00000000E-10       14.997302          0.41908244          0.34635717          0.23456039    
      6.25000000E-10       14.997059          0.42158502          0.34731236          0.23110262    
      6.50000000E-10       14.996807          0.42401020          0.34828511          0.22770469    
      6.75000000E-10       14.996546          0.42636038          0.34927175          0.22436788    
      7.00000000E-10       14.996281          0.42863787          0.35026878          0.22109336    
      7.25000000E-10       14.996012          0.43084492          0.35127314          0.21788194    
      7.50000000E-10       14.995742          0.43298372          0.35228233          0.21473396    
      7.75000000E-10       14.995471          0.43505636          0.35329453          0.21164911    
      8.00000000E-10       14.995200          0.43706491          0.35430867          0.20862642    
      8.25000000E-10       14.994927          0.43901133          0.35532435          0.20566432    
      8.50000000E-10       14.994652          0.44089756          0.35634181          0.20276062    
      8.75000000E-10       14.994374          0.44272545          0.35736178          0.19991277    
      9.00000000E-10       14.994091          0.44449681          0.35838527          0.19711791    
      9.25000000E-10       14.993800          0.44621339          0.35941342          0.19437319    
      9.50000000E-10       14.993500          0.44787688          0.36044728          0.19167585    
      9.75000000E-10       14.993189          0.44948891          0.36148762          0.18902347    
      1.00000000E-09       14.992867          0.45105110          0.36253481          0.18641409    
      1.02500000E-09       14.992533          0.45256496          0.36358874          0.18384630    
      1.05000000E-09       14.992186          0.45403201          0.36464871          0.18131928    
      1.07500000E-09       14.991827          0.45545369          0.36571353          0.17883278    
      1.10000000E-09       14.991457          0.45683139          0.36678154          0.17638706    
      1.12500000E-09       14.991078          0.45816649          0.36785075          0.17398276    
      1.15000000E-09       14.990692          0.45946030          0.36891894          0.17162076    
      1.17500000E-09       14.990299          0.46071409          0.36998392          0.16930199    
      1.20000000E-09       14.989902          0.46192911          0.37104357          0.16702732    
      1.22500000E-09       14.989503          0.46310655          0.37209611          0.16479735    
      1.25000000E-09       14.989101          0.46424757          0.37314012          0.16261231    
      1.27500000E-09       14.988699          0.46535330          0.37417469          0.16047201    
      1.30000000E-09       14.988296          0.46642484          0.37519941          0.15837575    
      1.32500000E-09       14.987891          0.46746323          0.37621437          0.15632239    
      1.35000000E-09       14.987485          0.46846952          0.37722010          0.15431039    
      1.37500000E-09       14.987075          0.46944468          0.37821745          0.15233788    
      1.40000000E-09       14.986661          0.47038968          0.37920749          0.15040283    
      1.42500000E-09       14.986241          0.47130545          0.38019137          0.14850318    
      1.45000000E-09       14.985814          0.47219290          0.38117015          0.14663695    
      1.47500000E-09       14.985379          0.47305291          0.38214468          0.14480241    
      1.50000000E-09       14.984935          0.47388631          0.38311553          0.14299816    
      1.52500000E-09       14.984482          0.47469394          0.38408287          0.14122319    
      1.55000000E-09       14.984019          0.47547660          0.38504649          0.13947691    
      1.57500000E-09       14.983548          0.47623505          0.38600579          0.13775917    
      1.60000000E-09       14.983068          0.47697004          0.38695983          0.13607014    
      1.62500000E-09       14.982580          0.47768230          0.38790741          0.13441030    
      1.65000000E-09       14.982087          0.47837253          0.38884719          0.13278028    
      1.67500000E-09       14.981589          0.47904141          0.38977782          0.13118077    
      1.70000000E-09       14.981088          0.47968961          0.39069800          0.12961239    
      1.72500000E-09       14.980584          0.48031776          0.39160667          0.12807557    
      1.75000000E-09       14.980078          0.48092648          0.39250303          0.12657049    
      1.77500000E-09       14.979571          0.48151638          0.39338663          0.12509699    
      1.80000000E-09       14.979063          0.48208803          0.39425737          0.12365460    
      1.82500000E-09       14.978554          0.48264200          0.39511551          0.12224249    
      1.85000000E-09       14.978043          0.48317884          0.39596162          0.12085954    
      1.87500000E-09       14.977529          0.48369908          0.39679650          0.11950442    
      1.90000000E-09       14.977011          0.48420323          0.39762110          0.11817567    
      1.92500000E-09       14.976489          0.48469178          0.39843640          0.11687182    
      1.95000000E-09       14.975962          0.48516523          0.39924333          0.11559145    
      1.97500000E-09       14.975428          0.48562403          0.40004266          0.11433331    
      2.00000000E-09       14.974887          0.48606864          0.40083495          0.11309641    
      2.02500000E-09       14.974339          0.48649950          0.40162048          0.11188001    
      2.05000000E-09       14.973784          0.48691704          0.40239924          0.11068371    
      2.07500000E-09       14.973223          0.48732166          0.40317094          0.10950739    
      2.10000000E-09       14.972654          0.48771377          0.40393503          0.10835119    
      2.12500000E-09       14.972081          0.48809376          0.40469080          0.10721545    
      2.15000000E-09       14.971502          0.48846199          0.40543740          0.10610062    
      2.17500000E-09       14.970920          0.48881883          0.40617398          0.10500719    
      2.20000000E-09       14.970335          0.48916464          0.40689975          0.10393562    
      2.22500000E-09       14.969748          0.48949975          0.40761404          0.10288621    
      2.25000000E-09       14.969159          0.48982449          0.40831642          0.10185909    
      2.27500000E-09       14.968569          0.49013920          0.40900664          0.10085416    
      2.30000000E-09       14.967978          0.49044417          0.40968477          9.98710654E-02
      2.32500000E-09       14.967386          0.49073970          0.41035108          9.89092155E-02
      2.35000000E-09       14.966792          0.49102610          0.41100608          9.79678140E-02
      2.37500000E-09       14.966195          0.49130364          0.41165045          9.70459075E-02
      2.40000000E-09       14.965596          0.49157260          0.41228495          9.61424520E-02
      2.42500000E-09       14.964993          0.49183324          0.41291038          9.52563845E-02
      2.45000000E-09       14.964386          0.49208582          0.41352749          9.43866954E-02
      2.47500000E-09       14.963775          0.49233058          0.41413692          9.35324940E-02
      2.50000000E-09       14.963158          0.49256778          0.41473916          9.26930602E-02
      2.52500000E-09       14.962535          0.49279764          0.41533448          9.18678789E-02
      2.55000000E-09       14.961907          0.49302039          0.41592296          9.10566544E-02
      2.57500000E-09       14.961274          0.49323625          0.41650445          9.02593033E-02
      2.60000000E-09       14.960636          0.49344544          0.41707864          8.94759269E-02
      2.62500000E-09       14.959994          0.49364815          0.41764508          8.87067689E-02
      2.65000000E-09       14.959349          0.49384460          0.41820324          8.79521592E-02
      2.67500000E-09       14.958700          0.49403497          0.41875258          8.72124534E-02
      2.70000000E-09       14.958049          0.49421946          0.41929257          8.64879709E-02
      2.72500000E-09       14.957396          0.49439823          0.41982283          8.57789399E-02
      2.75000000E-09       14.956742          0.49457148          0.42034307          8.50854528E-02
      2.77500000E-09       14.956087          0.49473937          0.42085319          8.44074373E-02
      2.80000000E-09       14.955431          0.49490207          0.42135329          8.37446437E-02
      2.82500000E-09       14.954773          0.49505974          0.42184361          8.30966511E-02
      2.85000000E-09       14.954114          0.49521253          0.42232458          8.24628897E-02
      2.87500000E-09       14.953454          0.49536059          0.42279673          8.18426777E-02
      2.90000000E-09       14.952791          0.49550408          0.42326066          8.12352677E-02
      2.92500000E-09       14.952125          0.49564312          0.42371698          8.06398983E-02
      2.95000000E-09       14.951456          0.49577787          0.42416628          8.00558462E-02
      2.97500000E-09       14.950784          0.49590845          0.42460908          7.94824731E-02
      3.00000000E-09       14.950107          0.49603499          0.42504574          7.89192630E-02
      3.02500000E-09       14.949427          0.49615762          0.42547653          7.83658471E-02
      3.05000000E-09       14.948742          0.49627646          0.42590153          7.78220142E-02
      3.07500000E-09       14.948054          0.49639162          0.42632068          7.72877059E-02
      3.10000000E-09       14.947361          0.49650321          0.42673379          7.67629970E-02
      3.12500000E-09       14.946666          0.49661136          0.42714057          7.62480648E-02
      3.15000000E-09       14.945968          0.49671616          0.42754069          7.57431496E-02
      3.17500000E-09       14.945268          0.49681772          0.42793377          7.52485103E-02
      3.20000000E-09       14.944565          0.49691614          0.42831947          7.47643806E-02
      3.22500000E-09       14.943862          0.49701152          0.42869755          7.42909291E-02
      3.25000000E-09       14.943157          0.49710395          0.42906783          7.38282268E-02
      3.27500000E-09       14.942451          0.49719351          0.42943026          7.33762261E-02
      3.30000000E-09       14.941745          0.49728031          0.42978494          7.29347520E-02
      3.32500000E-09       14.941037          0.49736443          0.43013207          7.25035054E-02
      3.35000000E-09       14.940329          0.49744594          0.43047198          7.20820798E-02
      3.37500000E-09       14.939619          0.49752493          0.43080509          7.16699871E-02
      3.40000000E-09       14.938907          0.49760148          0.43113183          7.12666913E-02
      3.42500000E-09       14.938193          0.49767566          0.43145270          7.08716456E-02
      3.45000000E-09       14.937477          0.49774754          0.43176813          7.04843299E-02
      3.47500000E-09       14.936758          0.49781721          0.43207851          7.01042851E-02
      3.50000000E-09       14.936036          0.49788471          0.43238415          6.97311399E-02
      3.52500000E-09       14.935311          0.49795013          0.43268524          6.93646296E-02
      3.55000000E-09       14.934583          0.49801353          0.43298187          6.90046035E-02
      3.57500000E-09       14.933852          0.49807497          0.43327401          6.86510214E-02
      3.60000000E-09       14.933119          0.49813450          0.43356155          6.83039407E-02
      3.62500000E-09       14.932382          0.49819220          0.43384431          6.79634936E-02
      3.65000000E-09       14.931644          0.49824811          0.43412203          6.76298585E-02
      3.67500000E-09       14.930905          0.49830229          0.43439448          6.73032285E-02
      3.70000000E-09       14.930163          0.49835480          0.43466142          6.69837791E-02
      3.72500000E-09       14.929421          0.49840568          0.43492268          6.66716390E-02
      3.75000000E-09       14.928678          0.49845499          0.43517815          6.63668665E-02
      3.77500000E-09       14.927934          0.49850277          0.43542779          6.60694339E-02
      3.80000000E-09       14.927190          0.49854908          0.43567170          6.57792202E-02
      3.82500000E-09       14.926445          0.49859395          0.43591004          6.54960143E-02
      3.85000000E-09       14.925699          0.49863744          0.43614304          6.52195257E-02
      3.87500000E-09       14.924951          0.49867958          0.43637102          6.49494036E-02
      3.90000000E-09       14.924203          0.49872041          0.43659432          6.46852612E-02
      3.92500000E-09       14.923453          0.49875999          0.43681331          6.44267031E-02
      3.95000000E-09       14.922701          0.49879834          0.43702831          6.41733522E-02
      3.97500000E-09       14.921947          0.49883550          0.43723962          6.39248755E-02
      4.00000000E-09       14.921191          0.49887152          0.43744748          6.36810037E-02
      4.02500000E-09       14.920433          0.49890642          0.43765203          6.34415454E-02
      4.05000000E-09       14.919673          0.49894024          0.43785337          6.32063927E-02
      4.07500000E-09       14.918910          0.49897302          0.43805146          6.29755198E-02
      4.10000000E-09       14.918145          0.49900478          0.43824625          6.27489727E-02
      4.12500000E-09       14.917379          0.49903556          0.43843759          6.25268536E-02
      4.15000000E-09       14.916611          0.49906539          0.43862531          6.23092997E-02
      4.17500000E-09       14.915842          0.49909429          0.43880925          6.20964599E-02
      4.20000000E-09       14.915072          0.49912230          0.43898923          6.18884710E-02
      4.22500000E-09       14.914301          0.49914945          0.43916512          6.16854361E-02
      4.25000000E-09       14.913529          0.49917575          0.43933684          6.14874068E-02
      4.27500000E-09       14.912757          0.49920125          0.43950438          6.12943707E-02
      4.30000000E-09       14.911985          0.49922595          0.43966780          6.11062467E-02
      4.32500000E-09       14.911212          0.49924989          0.43982723          6.09228859E-02
      4.35000000E-09       14.910438          0.49927309          0.43998283          6.07440796E-02
      4.37500000E-09       14.909664          0.49929557          0.44013486          6.05695735E-02
      4.40000000E-09       14.908888          0.49931736          0.44028356          6.03990852E-02
      4.42500000E-09       14.908112          0.49933847          0.44042921          6.02323248E-02
      4.45000000E-09       14.907334          0.49935893          0.44057206          6.00690148E-02
      4.47500000E-09       14.906554          0.49937875          0.44071234          5.99089100E-02
      4.50000000E-09       14.905774          0.49939797          0.44085022          5.97518122E-02
      4.52500000E-09       14.904991          0.49941659          0.44098583          5.95975812E-02
      4.55000000E-09       14.904207          0.49943463          0.44111923          5.94461398E-02
      4.57500000E-09       14.903421          0.49945212          0.44125041          5.92974725E-02
      4.60000000E-09       14.902634          0.49946906          0.44137932          5.91516189E-02
      4.62500000E-09       14.901845          0.49948548          0.44150586          5.90086616E-02
      4.65000000E-09       14.901056          0.49950139          0.44162989          5.88687110E-02
      4.67500000E-09       14.900265          0.49951681          0.44175130          5.87318869E-02
      4.70000000E-09       14.899474          0.49953176          0.44186994          5.85983015E-02
      4.72500000E-09       14.898682          0.49954624          0.44198572          5.84680417E-02
      4.75000000E-09       14.897890          0.49956027          0.44209857          5.83411560E-02
      4.77500000E-09       14.897098          0.49957387          0.44220848          5.82176443E-02
      4.80000000E-09       14.896305          0.49958705          0.44231549          5.80974541E-02
      4.82500000E-09       14.895512          0.49959982          0.44241970          5.79804803E-02
      4.85000000E-09       14.894718          0.49961220          0.44252123          5.78665715E-02
      4.87500000E-09       14.893924          0.49962419          0.44262027          5.77555403E-02
      4.90000000E-09       14.893129          0.49963582          0.44271701          5.76471763E-02
      4.92500000E-09       14.892334          0.49964708          0.44281166          5.75412623E-02
      4.95000000E-09       14.891538          0.49965800          0.44290442          5.74375896E-02
      4.97500000E-09       14.890740          0.49966857          0.44299545          5.73359732E-02
      5.00000000E-09       14.889941          0.49967882          0.44308491          5.72362638E-02
      5.02500000E-09       14.889142          0.49968876          0.44317289          5.71383569E-02
      5.05000000E-09       14.888340          0.49969838          0.44325942          5.70421965E-02
      5.07500000E-09       14.887538          0.49970771          0.44334451          5.69477753E-02
      5.10000000E-09       14.886735          0.49971675          0.44342812          5.68551290E-02
      5.12500000E-09       14.885931          0.49972551          0.44351016          5.67643284E-02
      5.15000000E-09       14.885126          0.49973400          0.44359053          5.66754663E-02
      5.17500000E-09       14.884320          0.49974223          0.44366913          5.65886445E-02
      5.20000000E-09       14.883514          0.49975020          0.44374584          5.65039595E-02
      5.22500000E-09       14.882708          0.49975792          0.44382059          5.64214886E-02
      5.25000000E-09       14.881901          0.49976541          0.44389331          5.63412794E-02
      5.27500000E-09       14.881094          0.49977267          0.44396399          5.62633416E-02
      5.30000000E-09       14.880287          0.49977970          0.44403266          5.61876427E-02
      5.32500000E-09       14.879480          0.49978651          0.44409938          5.61141086E-02
      5.35000000E-09       14.878673          0.49979311          0.44416426          5.60426271E-02
      5.37500000E-09       14.877865          0.49979951          0.44422743          5.59730566E-02
      5.40000000E-09       14.877057          0.49980571          0.44428905          5.59052361E-02
      5.42500000E-09       14.876248          0.49981172          0.44434928          5.58389974E-02
      5.45000000E-09       14.875439          0.49981754          0.44440828          5.57741787E-02
      5.47500000E-09       14.874629          0.49982319          0.44446618          5.57106357E-02
      5.50000000E-09       14.873818          0.49982866          0.44452309          5.56482526E-02
      5.52500000E-09       14.873006          0.49983395          0.44457910          5.55869491E-02
      5.55000000E-09       14.872193          0.49983909          0.44463423          5.55266840E-02
      5.57500000E-09       14.871380          0.49984407          0.44468848          5.54674559E-02
      5.60000000E-09       14.870565          0.49984889          0.44474181          5.54092991E-02
      5.62500000E-09       14.869750          0.49985356          0.44479416          5.53522767E-02
      5.65000000E-09       14.868935          0.49985809          0.44484544          5.52964712E-02
      5.67500000E-09       14.868119          0.49986248          0.44489555          5.52419731E-02
      5.70000000E-09       14.867303          0.49986673          0.44494440          5.51888692E-02
      5.72500000E-09       14.866486          0.49987086          0.44499191          5.51372319E-02
      5.75000000E-09       14.865670          0.49987485          0.44503804          5.50871091E-02
      5.77500000E-09       14.864853          0.49987872          0.44508276          5.50385175E-02
      5.80000000E-09       14.864037          0.49988247          0.44512609          5.49914393E-02
      5.82500000E-09       14.863220          0.49988611          0.44516807          5.49458213E-02
      5.85000000E-09       14.862403          0.49988963          0.44520879          5.49015783E-02
      5.87500000E-09       14.861587          0.49989304          0.44524836          5.48585993E-02
      5.90000000E-09       14.860769          0.49989635          0.44528689          5.48167563E-02
      5.92500000E-09       14.859952          0.49989956          0.44532453          5.47759145E-02
      5.95000000E-09       14.859134          0.49990266          0.44536140          5.47359428E-02
      5.97500000E-09       14.858315          0.49990567          0.44539760          5.46967246E-02
      6.00000000E-09       14.857496          0.49990859          0.44543324          5.46581661E-02
      6.02500000E-09       14.856677          0.49991142          0.44546838          5.46202034E-02
      6.05000000E-09       14.855856          0.49991416          0.44550304          5.45828056E-02
      6.07500000E-09       14.855035          0.49991681          0.44553721          5.45459756E-02
      6.10000000E-09       14.854213          0.49991938          0.44557087          5.45097472E-02
      6.12500000E-09       14.853391          0.49992188          0.44560394          5.44741794E-02
      6.15000000E-09       14.852569          0.49992429          0.44563636          5.44393483E-02
      6.17500000E-09       14.851746          0.49992663          0.44566803          5.44053379E-02
      6.20000000E-09       14.850923          0.49992890          0.44569887          5.43722298E-02
      6.22500000E-09       14.850100          0.49993110          0.44572880          5.43400934E-02
      6.25000000E-09       14.849277          0.49993323          0.44575779          5.43089777E-02
      6.27500000E-09       14.848455          0.49993530          0.44578580          5.42789051E-02
      6.30000000E-09       14.847632          0.49993730          0.44581283          5.42498675E-02
      6.32500000E-09       14.846809          0.49993924          0.44583894          5.42218261E-02
      6.35000000E-09       14.845986          0.49994112          0.44586417          5.41947136E-02
      6.37500000E-09       14.845164          0.49994294          0.44588862          5.41684396E-02
      6.40000000E-09       14.844341          0.49994470          0.44591240          5.41428978E-02
      6.42500000E-09       14.843518          0.49994641          0.44593561          5.41179750E-02
      6.45000000E-09       14.842694          0.49994807          0.44595837          5.40935605E-02
      6.47500000E-09       14.841870          0.49994968          0.44598077          5.40695557E-02
      6.50000000E-09       14.841046          0.49995123          0.44600288          5.40458814E-02
      6.52500000E-09       14.840221          0.49995274          0.44602477          5.40224845E-02
      6.55000000E-09       14.839396          0.49995420          0.44604646          5.39993411E-02
      6.57500000E-09       14.838570          0.49995562          0.44606792          5.39764573E-02
      6.60000000E-09       14.837744          0.49995699          0.44608914          5.39538669E-02
      6.62500000E-09       14.836917          0.49995832          0.44611005          5.39316268E-02
      6.65000000E-09       14.836091          0.49995961          0.44613058          5.39098096E-02
      6.67500000E-09       14.835264          0.49996086          0.44615064          5.38884958E-02
      6.70000000E-09       14.834437          0.49996207          0.44617016          5.38677641E-02
      6.72500000E-09       14.833610          0.49996324          0.44618907          5.38476827E-02
      6.75000000E-09       14.832783          0.49996438          0.44620732          5.38283020E-02
      6.77500000E-09       14.831956          0.49996548          0.44622487          5.38096483E-02
      6.80000000E-09       14.831130          0.49996655          0.44624173          5.37917205E-02
      6.82500000E-09       14.830303          0.49996758          0.44625793          5.37744893E-02
      6.85000000E-09       14.829477          0.49996859          0.44627351          5.37578991E-02
      6.87500000E-09       14.828651          0.49996956          0.44628857          5.37418728E-02
      6.90000000E-09       14.827824          0.49997050          0.44630318          5.37263181E-02
      6.92500000E-09       14.826998          0.49997141          0.44631745          5.37111358E-02
      6.95000000E-09       14.826171          0.49997230          0.44633148          5.36962283E-02
      6.97500000E-09       14.825344          0.49997315          0.44634534          5.36815084E-02
      7.00000000E-09       14.824517          0.49997398          0.44635911          5.36669064E-02
      7.02500000E-09       14.823689          0.49997479          0.44637284          5.36523761E-02
      7.05000000E-09       14.822861          0.49997557          0.44638653          5.36378983E-02
      7.07500000E-09       14.822032          0.49997632          0.44640019          5.36234814E-02
      7.10000000E-09       14.821203          0.49997706          0.44641378          5.36091597E-02
      7.12500000E-09       14.820374          0.49997777          0.44642725          5.35949891E-02
      7.15000000E-09       14.819545          0.49997845          0.44644051          5.35810406E-02
      7.17500000E-09       14.818716          0.49997912          0.44645349          5.35673927E-02
      7.20000000E-09       14.817887          0.49997977          0.44646611          5.35541228E-02
      7.22500000E-09       14.817058          0.49998039          0.44647831          5.35412992E-02
      7.25000000E-09       14.816229          0.49998100          0.44649003          5.35289733E-02
      7.27500000E-09       14.815400          0.49998159          0.44650124          5.35171745E-02
      7.30000000E-09       14.814571          0.49998215          0.44651194          5.35059062E-02
      7.32500000E-09       14.813743          0.49998271          0.44652215          5.34951453E-02
      7.35000000E-09       14.812914          0.49998324          0.44653191          5.34848439E-02
      7.37500000E-09       14.812086          0.49998376          0.44654131          5.34749332E-02
      7.40000000E-09       14.811258          0.49998426          0.44655041          5.34653298E-02
      7.42500000E-09       14.810430          0.49998475          0.44655931          5.34559430E-02
      7.45000000E-09       14.809601          0.49998522          0.44656810          5.34466836E-02
      7.47500000E-09       14.808773          0.49998568          0.44657685          5.34374715E-02
      7.50000000E-09       14.807944          0.49998612          0.44658564          5.34282428E-02
      7.52500000E-09       14.807115          0.49998655          0.44659449          5.34189559E-02
      7.55000000E-09       14.806285          0.49998697          0.44660344          5.34095945E-02
      7.57500000E-09       14.805455          0.49998737          0.44661246          5.34001687E-02
      7.60000000E-09       14.804625          0.49998776          0.44662153          5.33907134E-02
      7.62500000E-09       14.803795          0.49998814          0.44663058          5.33812841E-02
      7.65000000E-09       14.802965          0.49998851          0.44663954          5.33719513E-02
      7.67500000E-09       14.802134          0.49998886          0.44664835          5.33627929E-02
      7.70000000E-09       14.801304          0.49998921          0.44665691          5.33538858E-02
      7.72500000E-09       14.800474          0.49998954          0.44666516          5.33452985E-02
      7.75000000E-09       14.799644          0.49998986          0.44667305          5.33370837E-02
      7.77500000E-09       14.798814          0.49999018          0.44668055          5.33292727E-02
      7.80000000E-09       14.797985          0.49999048          0.44668765          5.33218721E-02
      7.82500000E-09       14.797155          0.49999077          0.44669436          5.33148629E-02
      7.85000000E-09       14.796326          0.49999106          0.44670074          5.33082016E-02
      7.87500000E-09       14.795497          0.49999134          0.44670684          5.33018247E-02
      7.90000000E-09       14.794669          0.49999160          0.44671274          5.32956541E-02
      7.92500000E-09       14.793840          0.49999186          0.44671853          5.32896046E-02
      7.95000000E-09       14.793011          0.49999212          0.44672429          5.32835916E-02
      7.97500000E-09       14.792181          0.49999236          0.44673010          5.32775394E-02
      8.00000000E-09       14.791352          0.49999260          0.44673602          5.32713878E-02
      8.02500000E-09       14.790522          0.49999282          0.44674208          5.32650978E-02
      8.05000000E-09       14.789692          0.49999305          0.44674830          5.32586551E-02
      8.07500000E-09       14.788862          0.49999326          0.44675467          5.32520710E-02
      8.10000000E-09       14.788032          0.49999347          0.44676115          5.32453810E-02
      8.12500000E-09       14.787201          0.49999367          0.44676769          5.32386407E-02
      8.15000000E-09       14.786371          0.49999387          0.44677421          5.32319205E-02
      8.17500000E-09       14.785540          0.49999406          0.44678064          5.32252982E-02
      8.20000000E-09       14.784709          0.49999424          0.44678691          5.32188509E-02
      8.22500000E-09       14.783879          0.49999442          0.44679293          5.32126477E-02
      8.25000000E-09       14.783049          0.49999459          0.44679867          5.32067420E-02
      8.27500000E-09       14.782219          0.49999476          0.44680407          5.32011667E-02
      8.30000000E-09       14.781390          0.49999492          0.44680915          5.31959304E-02
      8.32500000E-09       14.780560          0.49999508          0.44681391          5.31910165E-02
      8.35000000E-09       14.779731          0.49999523          0.44681839          5.31863844E-02
      8.37500000E-09       14.778902          0.49999538          0.44682265          5.31819737E-02
      8.40000000E-09       14.778073          0.49999552          0.44682677          5.31777092E-02
      8.42500000E-09       14.777244          0.49999566          0.44683083          5.31735088E-02
      8.45000000E-09       14.776415          0.49999579          0.44683492          5.31692908E-02
      8.47500000E-09       14.775586          0.49999592          0.44683909          5.31649818E-02
      8.50000000E-09       14.774757          0.49999605          0.44684343          5.31605238E-02
      8.52500000E-09       14.773928          0.49999617          0.44684795          5.31558795E-02
      8.55000000E-09       14.773098          0.49999629          0.44685267          5.31510358E-02
      8.57500000E-09       14.772268          0.49999641          0.44685759          5.31460047E-02
      8.60000000E-09       14.771438          0.49999652          0.44686266          5.31408222E-02
      8.62500000E-09       14.770607          0.49999662          0.44686783          5.31355444E-02
      8.65000000E-09       14.769777          0.49999673          0.44687303          5.31302419E-02
      8.67500000E-09       14.768947          0.49999683          0.44687818          5.31249927E-02
      8.70000000E-09       14.768117          0.49999693          0.44688320          5.31198743E-02
      8.72500000E-09       14.767287          0.49999702          0.44688802          5.31149563E-02
      8.75000000E-09       14.766457          0.49999711          0.44689259          5.31102929E-02
      8.77500000E-09       14.765627          0.49999720          0.44689688          5.31059180E-02
      8.80000000E-09       14.764798          0.49999729          0.44690087          5.31018414E-02
      8.82500000E-09       14.763969          0.49999737          0.44690458          5.30980481E-02
      8.85000000E-09       14.763141          0.49999746          0.44690805          5.30944990E-02
      8.87500000E-09       14.762312          0.49999753          0.44691133          5.30911354E-02
      8.90000000E-09       14.761484          0.49999761          0.44691451          5.30878838E-02
      8.92500000E-09       14.760655          0.49999768          0.44691765          5.30846636E-02
      8.95000000E-09       14.759827          0.49999776          0.44692085          5.30813948E-02
      8.97500000E-09       14.758998          0.49999783          0.44692417          5.30780052E-02
      9.00000000E-09       14.758169          0.49999789          0.44692767          5.30744380E-02
      9.02500000E-09       14.757340          0.49999796          0.44693139          5.30706568E-02
      9.05000000E-09       14.756511          0.49999802          0.44693533          5.30666491E-02
      9.07500000E-09       14.755682          0.49999808          0.44693949          5.30624277E-02
      9.10000000E-09       14.754852          0.49999814          0.44694383          5.30580289E-02
      9.12500000E-09       14.754023          0.49999820          0.44694829          5.30535093E-02
      9.15000000E-09       14.753193          0.49999825          0.44695281          5.30489399E-02
      9.17500000E-09       14.752363          0.49999831          0.44695729          5.30443989E-02
      9.20000000E-09       14.751534          0.49999836          0.44696167          5.30399645E-02
      9.22500000E-09       14.750705          0.49999841          0.44696588          5.30357065E-02
      9.25000000E-09       14.749875          0.49999846          0.44696986          5.30316800E-02
      9.27500000E-09       14.749047          0.49999851          0.44697357          5.30279194E-02
      9.30000000E-09       14.748218          0.49999855          0.44697701          5.30244354E-02
      9.32500000E-09       14.747390          0.49999860          0.44698019          5.30212137E-02
      9.35000000E-09       14.746562          0.49999864          0.44698314          5.30182162E-02
      9.37500000E-09       14.745734          0.49999868          0.44698593          5.30153847E-02
      9.40000000E-09       14.744907          0.49999873          0.44698863          5.30126469E-02
      9.42500000E-09       14.744079          0.49999876          0.44699131          5.30099229E-02
      9.45000000E-09       14.743251          0.49999880          0.44699406          5.30071331E-02
      9.47500000E-09       14.742424          0.49999884          0.44699695          5.30042063E-02
      9.50000000E-09       14.741596          0.49999888          0.44700004          5.30010860E-02
      9.52500000E-09       14.740767          0.49999891          0.44700335          5.29977364E-02
      9.55000000E-09       14.739939          0.49999894          0.44700691          5.29941454E-02
      9.57500000E-09       14.739110          0.49999898          0.44701070          5.29903262E-02
      9.60000000E-09       14.738282          0.49999901          0.44701468          5.29863156E-02
      9.62500000E-09       14.737453          0.49999904          0.44701879          5.29821705E-02
      9.65000000E-09       14.736624          0.49999907          0.44702297          5.29779623E-02
      9.67500000E-09       14.735795          0.49999910          0.44702713          5.29737696E-02
      9.70000000E-09       14.734966          0.49999913          0.44703120          5.29696711E-02
      9.72500000E-09       14.734138          0.49999915          0.44703511          5.29657370E-02
      9.75000000E-09       14.733310          0.49999918          0.44703880          5.29620228E-02
      9.77500000E-09       14.732482          0.49999920          0.44704223          5.29585635E-02
      9.80000000E-09       14.731654          0.49999923          0.44704540          5.29553702E-02
      9.82500000E-09       14.730827          0.49999925          0.44704832          5.29524289E-02
      9.85000000E-09       14.730000          0.49999928          0.44705102          5.29497020E-02
      9.87500000E-09       14.729173          0.49999930          0.44705357          5.29471317E-02
